3 0 93 197
3 167 94 198
3 180 95 199
3 216 96 200
3 65 97 201
3 36 98 202
3 234 99 203
3 221 100 204
3 54 101 205
3 33 102 206
3 116 103 207
3 179 104 208
3 1 105 209
3 2 106 210
3 3 107 211
3 4 108 212
3 5 109 213
3 6 110 214
3 7 111 215
3 8 112 217
3 9 113 218
3 10 114 219
3 11 115 220
3 12 117 222
3 13 118 223
3 14 119 224
3 15 120 225
3 16 121 226
3 17 122 227
3 18 123 228
3 19 124 229
3 20 125 230
3 21 126 231
3 22 127 232
3 23 128 233
3 24 129 235
3 25 130 236
3 26 131 237
3 27 132 238
3 28 133 239
3 29 134 240
3 30 135 241
3 31 136 242
3 32 137 243
3 34 138 244
3 35 139 245
3 37 140 246
3 38 141 247
3 39 142 248
3 40 143 249
3 41 144 250
3 42 145 251
3 43 146 252
3 44 147 253
3 45 148 254
3 46 149 255
3 47 150 256
3 48 151 257
3 49 152 258
3 50 153 259
3 51 154 260
3 52 155 261
3 53 156 262
3 55 157 263
3 56 158 264
3 57 159 265
3 58 160 266
3 59 161 267
3 60 162 268
3 61 163 269
3 62 164 270
3 63 165 271
3 64 166 272
3 66 168 273
3 67 169 274
3 68 170 275
3 69 171 276
3 70 172 277
3 71 173 278
3 72 174 279
3 73 175 280
3 74 176 281
3 75 177 282
3 76 178 283
3 77 181 284
3 78 182 285
3 79 183 286
3 80 184 287
3 81 185 288
3 82 186 289
3 83 187 290
3 84 188 291
3 85 189 292
3 86 190 293
3 87 191 294
3 88 192 295
3 89 193 296
3 90 194 297
3 91 195 298
3 92 196 299
