25 2735 232 640 1048 1458 1862 2269 2676 3084 3490 3897 4303 4711 5116 5526 5930 6337 6745 7155 7562 7968 8372 8779 9185 9594
25 6689 233 641 1049 1459 1863 2270 2677 3085 3491 3898 4304 4712 5117 5527 5931 6338 6746 7156 7563 7969 8373 8780 9186 9595
25 3090 234 642 1050 1460 1864 2271 2678 3086 3492 3899 4305 4713 5118 5528 5932 6339 6747 7157 7564 7970 8374 8781 9187 9596
25 1209 235 643 1051 1461 1865 2272 2679 3087 3493 3900 4306 4714 5119 5529 5933 6340 6748 7158 7565 7971 8375 8782 9188 9597
25 6466 236 644 1052 1462 1866 2273 2680 3088 3494 3901 4307 4715 5120 5530 5935 6341 6749 7159 7566 7972 8376 8783 9189 9598
25 5018 237 645 1053 1463 1868 2274 2681 3089 3495 3902 4308 4716 5121 5531 5936 6342 6750 7160 7567 7973 8377 8784 9190 9599
25 9313 238 646 1054 1464 1869 2275 2682 3091 3496 3903 4310 4717 5122 5532 5937 6343 6751 7161 7568 7974 8378 8785 9191 9600
25 2519 239 647 1055 1465 1870 2276 2683 3092 3497 3904 4311 4718 5123 5533 5938 6344 6752 7162 7569 7975 8379 8786 9192 9601
25 549 240 648 1056 1466 1871 2277 2684 3093 3498 3905 4312 4719 5124 5534 5939 6345 6753 7163 7570 7976 8380 8787 9193 9602
25 4525 241 649 1057 1467 1872 2278 2685 3094 3499 3906 4313 4720 5125 5535 5940 6346 6754 7164 7571 7977 8381 8788 9194 9603
25 5934 242 650 1058 1468 1873 2279 2686 3095 3500 3907 4314 4721 5126 5536 5941 6347 6755 7165 7572 7978 8382 8789 9195 9604
25 4679 243 651 1059 1469 1874 2280 2687 3096 3501 3908 4315 4722 5127 5537 5942 6348 6756 7166 7573 7979 8383 8790 9196 9605
25 88 244 652 1060 1470 1875 2281 2688 3097 3502 3909 4316 4723 5128 5538 5943 6349 6757 7167 7574 7980 8384 8791 9197 9606
25 7109 245 653 1061 1471 1876 2282 2689 3098 3503 3910 4317 4724 5129 5539 5944 6350 6758 7168 7575 7981 8385 8792 9198 9607
25 2465 246 654 1062 1472 1877 2283 2690 3099 3504 3911 4318 4725 5130 5540 5945 6351 6759 7169 7576 7982 8386 8793 9199 9608
25 4309 247 655 1063 1473 1878 2284 2691 3100 3505 3912 4319 4726 5131 5541 5946 6352 6760 7170 7577 7983 8387 8794 9200 9609
25 5970 248 656 1064 1474 1879 2285 2692 3101 3506 3913 4320 4727 5132 5542 5947 6353 6761 7171 7578 7984 8388 8795 9201 9610
25 4839 249 657 1065 1475 1880 2286 2693 3102 3507 3914 4321 4728 5133 5543 5948 6354 6762 7172 7579 7985 8389 8796 9202 9611
25 5324 250 658 1067 1476 1881 2287 2694 3103 3508 3915 4322 4729 5134 5544 5949 6355 6763 7173 7580 7986 8390 8797 9203 9612
25 719 251 659 1068 1477 1882 2288 2696 3104 3509 3916 4323 4730 5135 5545 5950 6356 6764 7174 7581 7987 8391 8798 9204 9613
25 606 252 660 1069 1478 1883 2289 2697 3105 3510 3917 4324 4731 5136 5546 5951 6357 6765 7175 7582 7988 8392 8799 9205 9614
25 423 253 661 1070 1479 1884 2290 2698 3106 3511 3918 4325 4732 5138 5547 5952 6358 6766 7176 7583 7989 8393 8800 9206 9615
25 6031 254 662 1071 1480 1885 2291 2699 3107 3512 3919 4326 4733 5139 5548 5953 6359 6767 7177 7584 7990 8394 8801 9207 9616
25 187 255 663 1072 1481 1886 2292 2700 3108 3513 3920 4327 4734 5140 5549 5954 6360 6768 7178 7585 7991 8395 8802 9208 9617
25 1066 256 664 1073 1482 1887 2293 2701 3109 3514 3921 4328 4735 5141 5550 5955 6361 6769 7179 7586 7992 8396 8803 9209 9618
25 9504 257 665 1074 1483 1888 2294 2702 3110 3515 3922 4329 4736 5142 5551 5956 6362 6770 7180 7587 7993 8397 8804 9210 9620
25 2581 258 666 1075 1484 1889 2295 2703 3111 3516 3923 4330 4737 5143 5552 5957 6363 6771 7181 7588 7994 8398 8805 9211 9621
25 5335 259 667 1076 1485 1890 2296 2704 3112 3517 3924 4331 4738 5144 5553 5958 6364 6772 7182 7589 7995 8399 8806 9212 9622
25 8175 260 668 1077 1486 1891 2297 2705 3113 3518 3925 4332 4739 5145 5554 5959 6365 6773 7183 7590 7996 8400 8807 9213 9623
25 1560 261 669 1078 1487 1892 2298 2706 3114 3519 3926 4333 4740 5146 5555 5960 6366 6774 7184 7591 7997 8401 8808 9214 9624
25 4758 262 670 1079 1488 1893 2299 2707 3115 3520 3927 4334 4741 5147 5556 5961 6367 6775 7185 7592 7998 8402 8809 9215 9625
25 3817 263 671 1080 1489 1894 2300 2708 3116 3521 3928 4335 4743 5148 5557 5962 6368 6776 7186 7593 7999 8403 8810 9216 9626
25 3580 264 673 1081 1490 1895 2301 2709 3117 3522 3929 4336 4744 5149 5558 5963 6369 6777 7187 7594 8000 8404 8811 9217 9627
25 9256 265 674 1082 1491 1896 2302 2710 3118 3523 3930 4337 4745 5150 5559 5964 6370 6778 7188 7595 8001 8405 8812 9218 9628
25 6252 266 675 1083 1492 1897 2303 2711 3119 3524 3931 4338 4746 5151 5560 5965 6371 6779 7189 7596 8002 8406 8813 9219 9629
25 1273 267 676 1084 1493 1898 2304 2712 3120 3525 3932 4339 4747 5152 5561 5966 6372 6780 7190 7597 8003 8407 8814 9220 9630
25 7499 268 678 1085 1494 1899 2305 2713 3121 3526 3933 4340 4748 5153 5562 5967 6373 6781 7191 7598 8004 8408 8815 9221 9631
25 1867 269 679 1086 1495 1901 2306 2714 3122 3527 3934 4341 4749 5154 5563 5968 6374 6782 7192 7599 8005 8409 8816 9222 9632
25 7965 270 680 1087 1496 1902 2307 2715 3123 3528 3935 4342 4750 5155 5564 5969 6375 6784 7193 7600 8006 8410 8817 9223 9633
25 6822 271 681 1088 1497 1903 2308 2716 3124 3529 3936 4343 4751 5156 5565 5971 6376 6785 7194 7601 8007 8411 8818 9224 9634
25 2432 272 682 1089 1498 1904 2309 2717 3125 3530 3937 4344 4752 5157 5566 5972 6377 6786 7195 7602 8008 8412 8819 9225 9635
25 7070 273 683 1090 1499 1905 2310 2718 3126 3531 3938 4345 4753 5158 5567 5973 6378 6787 7196 7603 8009 8413 8820 9226 9636
25 1178 274 684 1091 1500 1906 2311 2719 3127 3532 3939 4346 4754 5159 5568 5974 6379 6788 7197 7604 8010 8414 8821 9227 9637
25 3055 275 685 1092 1501 1907 2312 2721 3128 3533 3940 4347 4755 5160 5569 5975 6380 6789 7198 7605 8011 8415 8822 9228 9638
25 4742 276 686 1093 1502 1908 2313 2722 3129 3534 3941 4348 4756 5161 5570 5976 6382 6790 7199 7606 8012 8416 8823 9229 9639
25 8890 277 687 1094 1503 1909 2314 2723 3130 3535 3942 4349 4757 5162 5571 5977 6383 6791 7200 7607 8013 8417 8824 9230 9640
25 6002 278 688 1095 1504 1910 2315 2724 3131 3536 3943 4350 4759 5163 5572 5978 6384 6792 7201 7608 8014 8418 8825 9231 9641
25 8773 279 689 1096 1505 1911 2316 2725 3132 3537 3944 4351 4760 5164 5573 5979 6385 6793 7202 7609 8015 8419 8826 9232 9642
25 8292 280 690 1098 1506 1912 2317 2726 3133 3538 3945 4352 4761 5165 5574 5980 6386 6794 7203 7610 8016 8420 8827 9233 9643
25 672 281 691 1099 1507 1913 2318 2727 3134 3539 3946 4353 4762 5166 5575 5981 6387 6795 7204 7611 8017 8421 8828 9234 9644
25 7475 282 692 1100 1508 1914 2319 2728 3135 3540 3947 4354 4763 5167 5576 5982 6388 6796 7205 7612 8018 8422 8829 9235 9645
25 8477 283 693 1101 1509 1915 2320 2729 3136 3541 3948 4355 4764 5168 5577 5983 6389 6797 7206 7613 8019 8423 8830 9236 9646
25 5235 284 694 1102 1510 1916 2321 2730 3137 3542 3949 4356 4765 5169 5578 5984 6390 6798 7207 7614 8020 8424 8831 9237 9647
25 6277 285 695 1103 1511 1917 2322 2731 3138 3543 3950 4357 4766 5170 5579 5985 6391 6799 7208 7615 8021 8425 8832 9238 9648
25 2720 286 696 1104 1512 1918 2323 2732 3139 3544 3951 4358 4767 5171 5580 5986 6392 6800 7209 7616 8022 8426 8833 9239 9649
25 9409 287 697 1106 1513 1919 2324 2733 3140 3545 3952 4359 4768 5172 5581 5987 6393 6801 7210 7617 8023 8427 8834 9240 9650
25 2920 288 698 1107 1514 1920 2325 2734 3141 3546 3953 4360 4769 5173 5582 5988 6394 6802 7211 7618 8024 8428 8835 9241 9651
25 4094 289 699 1108 1516 1921 2326 2736 3142 3547 3954 4361 4770 5174 5583 5989 6395 6803 7212 7619 8025 8429 8836 9242 9652
25 3629 290 701 1109 1517 1922 2327 2737 3143 3548 3955 4362 4771 5175 5584 5990 6396 6804 7213 7620 8026 8430 8837 9243 9653
25 677 291 702 1110 1518 1923 2328 2738 3144 3550 3956 4363 4772 5176 5585 5991 6397 6805 7214 7621 8027 8431 8838 9244 9654
25 3607 292 703 1111 1519 1924 2329 2739 3145 3551 3957 4364 4773 5177 5586 5992 6398 6806 7215 7622 8028 8432 8839 9245 9655
25 1097 293 704 1112 1520 1925 2330 2740 3146 3552 3958 4365 4774 5178 5587 5993 6399 6808 7216 7623 8029 8433 8840 9246 9656
25 5497 294 705 1113 1521 1926 2331 2741 3147 3553 3959 4366 4775 5179 5588 5994 6400 6809 7217 7624 8030 8434 8841 9247 9657
25 9752 295 706 1114 1522 1927 2332 2742 3148 3554 3960 4367 4776 5180 5589 5995 6401 6810 7218 7625 8031 8435 8842 9248 9658
25 6670 296 707 1115 1523 1928 2333 2743 3149 3555 3961 4368 4777 5181 5590 5996 6402 6811 7219 7626 8032 8436 8843 9249 9659
25 1757 297 708 1116 1524 1929 2334 2744 3150 3556 3962 4369 4778 5182 5591 5997 6404 6812 7220 7627 8033 8437 8844 9250 9660
25 5440 298 709 1117 1525 1930 2335 2745 3151 3557 3963 4370 4779 5183 5592 5998 6405 6813 7221 7628 8034 8438 8845 9251 9661
25 9514 299 710 1118 1526 1931 2336 2746 3152 3558 3964 4371 4780 5184 5593 5999 6406 6814 7222 7629 8035 8439 8846 9252 9662
25 2571 300 711 1119 1527 1932 2337 2747 3153 3559 3965 4372 4781 5185 5594 6000 6407 6816 7223 7630 8036 8440 8847 9253 9663
25 563 301 712 1120 1528 1933 2338 2748 3154 3560 3966 4373 4782 5186 5595 6001 6408 6817 7224 7631 8037 8441 8848 9254 9664
25 6381 302 714 1121 1529 1934 2339 2749 3155 3561 3967 4374 4783 5187 5596 6003 6409 6818 7225 7632 8038 8442 8849 9255 9665
25 9003 304 715 1122 1530 1935 2340 2750 3157 3562 3968 4375 4784 5188 5597 6004 6410 6819 7226 7633 8039 8443 8850 9257 9666
25 3549 305 716 1123 1531 1936 2341 2751 3158 3563 3969 4376 4785 5189 5598 6005 6411 6820 7227 7634 8040 8444 8851 9258 9667
25 4601 306 717 1124 1532 1937 2342 2752 3159 3564 3970 4378 4786 5190 5599 6006 6413 6821 7228 7635 8041 8445 8852 9259 9668
25 7657 307 718 1125 1533 1938 2343 2753 3160 3565 3971 4380 4787 5191 5600 6007 6414 6823 7229 7636 8042 8446 8853 9260 9669
25 2015 308 720 1126 1534 1939 2344 2754 3161 3566 3972 4381 4788 5193 5601 6008 6415 6824 7230 7637 8043 8447 8854 9261 9670
25 8708 309 721 1127 1535 1940 2345 2755 3162 3567 3973 4382 4789 5194 5602 6009 6416 6825 7231 7638 8044 8448 8855 9262 9671
25 7270 310 722 1128 1536 1941 2346 2756 3163 3568 3974 4383 4790 5195 5603 6010 6417 6826 7232 7639 8045 8449 8856 9263 9672
25 9847 312 723 1129 1537 1942 2347 2757 3164 3569 3975 4384 4791 5196 5604 6011 6418 6827 7233 7640 8046 8450 8857 9264 9673
25 1900 313 724 1130 1538 1943 2348 2758 3165 3570 3976 4385 4792 5197 5605 6012 6419 6828 7234 7641 8047 8451 8858 9265 9674
25 2883 314 725 1131 1539 1944 2349 2759 3166 3571 3977 4386 4793 5198 5606 6013 6420 6829 7235 7642 8048 8452 8859 9266 9675
25 9913 315 726 1132 1540 1945 2350 2760 3168 3572 3978 4387 4794 5199 5607 6014 6421 6830 7236 7643 8049 8453 8860 9267 9676
25 5445 316 727 1133 1541 1946 2351 2761 3169 3573 3979 4388 4795 5200 5608 6015 6422 6832 7237 7644 8050 8454 8861 9268 9677
25 9976 317 728 1134 1542 1947 2352 2762 3170 3574 3980 4389 4796 5201 5609 6016 6423 6833 7238 7645 8051 8455 8862 9269 9678
25 4078 318 729 1135 1544 1948 2353 2763 3171 3575 3981 4390 4797 5202 5610 6017 6424 6834 7239 7646 8052 8456 8863 9270 9679
25 8310 319 730 1136 1545 1949 2354 2764 3172 3576 3982 4391 4798 5203 5611 6018 6425 6835 7240 7647 8053 8457 8864 9271 9680
25 4008 320 731 1137 1546 1950 2355 2765 3173 3577 3983 4392 4799 5204 5612 6019 6426 6836 7241 7648 8054 8458 8865 9272 9681
25 6263 321 732 1139 1547 1951 2357 2766 3174 3578 3984 4393 4800 5205 5613 6020 6427 6837 7242 7649 8055 8459 8866 9273 9682
25 1305 322 733 1140 1548 1952 2358 2767 3175 3579 3985 4394 4801 5206 5614 6021 6428 6838 7243 7650 8056 8460 8867 9274 9683
25 6815 323 734 1141 1549 1953 2359 2768 3176 3581 3986 4395 4802 5207 5615 6022 6429 6839 7244 7651 8057 8461 8868 9275 9684
25 7005 324 735 1142 1550 1954 2360 2769 3177 3582 3987 4396 4803 5208 5616 6023 6430 6840 7245 7652 8058 8462 8869 9276 9685
25 3307 325 736 1143 1551 1955 2361 2770 3178 3583 3988 4397 4804 5209 5617 6024 6431 6841 7246 7653 8059 8463 8870 9277 9686
25 303 326 737 1144 1552 1956 2362 2771 3179 3584 3989 4398 4805 5210 5618 6025 6432 6842 7247 7654 8060 8464 8871 9278 9687
25 4071 327 738 1145 1553 1957 2363 2772 3180 3585 3990 4399 4806 5211 5619 6026 6433 6843 7248 7655 8061 8465 8872 9279 9688
25 1335 328 739 1146 1554 1958 2364 2773 3181 3586 3991 4400 4807 5212 5620 6027 6434 6844 7249 7656 8062 8466 8873 9280 9689
25 2917 329 740 1147 1555 1959 2365 2774 3182 3587 3992 4401 4808 5213 5621 6028 6435 6845 7250 7658 8063 8467 8874 9281 9690
25 8731 330 741 1148 1556 1960 2366 2775 3183 3588 3993 4402 4809 5214 5622 6029 6436 6846 7251 7659 8064 8468 8875 9282 9691
25 8878 331 742 1149 1557 1961 2367 2776 3184 3589 3994 4403 4810 5215 5623 6030 6437 6847 7252 7660 8065 8469 8876 9283 9692
25 1138 332 743 1150 1558 1962 2368 2777 3185 3590 3995 4404 4811 5216 5624 6032 6438 6848 7253 7661 8066 8470 8877 9284 9693
25 9619 333 744 1151 1559 1963 2369 2778 3186 3591 3996 4405 4812 5217 5625 6033 6439 6849 7254 7662 8067 8471 8879 9285 9694
25 7013 334 745 1152 1561 1964 2370 2779 3187 3592 3997 4406 4813 5218 5626 6034 6440 6850 7255 7663 8068 8472 8880 9286 9695
25 5300 335 746 1153 1562 1965 2371 2780 3188 3593 3998 4407 4814 5219 5627 6035 6441 6851 7256 7664 8069 8473 8881 9287 9696
25 1315 336 747 1154 1563 1966 2372 2781 3189 3594 3999 4408 4815 5220 5628 6036 6442 6852 7257 7665 8070 8474 8882 9288 9697
25 9707 337 748 1155 1564 1967 2373 2782 3190 3595 4000 4409 4816 5221 5629 6037 6443 6853 7258 7666 8071 8475 8883 9289 9698
25 7429 338 749 1156 1565 1968 2374 2783 3191 3596 4001 4410 4817 5222 5630 6038 6444 6854 7259 7667 8072 8476 8884 9290 9699
25 7861 339 750 1157 1566 1969 2375 2784 3192 3597 4002 4411 4818 5223 5631 6039 6445 6855 7260 7668 8073 8478 8885 9291 9700
25 4059 340 751 1158 1567 1970 2376 2785 3193 3598 4003 4412 4819 5224 5632 6040 6446 6856 7261 7669 8074 8479 8886 9292 9701
25 5192 341 752 1159 1568 1971 2377 2786 3194 3599 4004 4413 4820 5225 5633 6041 6447 6857 7262 7670 8075 8480 8887 9293 9702
25 7936 342 753 1160 1569 1972 2378 2787 3195 3600 4005 4414 4821 5226 5634 6042 6448 6858 7263 7671 8076 8481 8888 9294 9703
25 5299 343 754 1161 1570 1973 2379 2788 3196 3601 4006 4415 4822 5227 5635 6043 6449 6859 7264 7672 8077 8482 8889 9295 9704
25 6783 344 755 1162 1571 1974 2380 2789 3197 3602 4007 4416 4823 5228 5636 6044 6450 6860 7265 7673 8078 8483 8891 9296 9705
25 7463 345 756 1163 1572 1975 2381 2790 3198 3603 4009 4417 4824 5229 5637 6045 6451 6861 7266 7674 8079 8484 8892 9297 9706
25 3167 346 757 1164 1573 1976 2382 2791 3199 3604 4010 4418 4825 5230 5638 6046 6452 6862 7267 7675 8080 8485 8893 9298 9708
25 769 347 758 1165 1574 1977 2383 2792 3200 3605 4011 4419 4826 5231 5639 6047 6453 6863 7268 7676 8081 8486 8894 9299 9709
25 3696 348 759 1166 1575 1978 2385 2793 3201 3606 4012 4420 4827 5232 5640 6048 6454 6864 7269 7677 8082 8487 8895 9300 9710
25 9305 349 760 1167 1576 1979 2386 2794 3202 3608 4013 4421 4828 5233 5641 6049 6455 6865 7271 7678 8083 8488 8896 9301 9711
25 9563 350 761 1168 1577 1980 2387 2795 3203 3609 4014 4422 4829 5234 5642 6050 6456 6866 7272 7679 8084 8489 8897 9302 9712
25 2247 351 762 1169 1578 1981 2388 2796 3204 3610 4015 4423 4830 5236 5643 6051 6457 6867 7273 7680 8085 8490 8898 9303 9713
25 4377 352 763 1170 1579 1982 2389 2797 3205 3611 4016 4424 4831 5237 5644 6052 6458 6868 7274 7681 8086 8491 8899 9304 9714
25 6412 353 764 1171 1580 1983 2390 2798 3206 3612 4017 4425 4832 5238 5645 6053 6459 6869 7275 7682 8087 8492 8900 9306 9715
25 713 354 765 1172 1581 1984 2391 2799 3207 3613 4018 4426 4833 5239 5646 6054 6460 6870 7276 7683 8088 8493 8901 9307 9716
25 2135 355 766 1173 1582 1985 2392 2800 3208 3614 4019 4427 4834 5240 5647 6055 6461 6871 7277 7684 8089 8494 8902 9308 9717
25 2949 356 767 1174 1583 1986 2393 2801 3209 3615 4020 4428 4835 5241 5648 6056 6462 6872 7278 7685 8090 8495 8903 9309 9718
25 700 357 770 1175 1584 1987 2394 2802 3210 3616 4021 4429 4836 5242 5649 6057 6463 6873 7279 7686 8091 8496 8904 9310 9719
25 3442 358 771 1176 1585 1988 2395 2803 3211 3617 4022 4430 4837 5243 5650 6058 6464 6874 7280 7687 8092 8497 8905 9311 9720
25 5137 359 772 1177 1586 1989 2396 2804 3212 3618 4023 4431 4838 5244 5651 6059 6465 6875 7281 7688 8093 8498 8906 9312 9721
25 1543 360 773 1179 1587 1990 2397 2805 3213 3619 4024 4432 4840 5245 5652 6060 6467 6876 7282 7689 8094 8499 8907 9314 9722
25 6831 361 774 1180 1588 1991 2398 2806 3214 3620 4025 4433 4841 5246 5653 6061 6468 6877 7283 7690 8095 8500 8908 9315 9723
25 6901 362 775 1181 1589 1993 2399 2807 3215 3621 4026 4434 4842 5247 5654 6062 6469 6878 7284 7691 8096 8501 8909 9316 9724
25 6403 363 776 1182 1590 1994 2400 2808 3216 3622 4027 4436 4843 5248 5655 6063 6470 6879 7285 7692 8097 8502 8910 9317 9725
25 3156 364 777 1183 1591 1995 2401 2809 3217 3623 4028 4437 4844 5249 5656 6064 6471 6880 7286 7693 8098 8503 8911 9318 9726
25 2384 365 778 1184 1592 1996 2402 2810 3218 3624 4029 4438 4845 5250 5657 6065 6472 6881 7287 7694 8099 8504 8912 9319 9727
25 8518 366 779 1185 1593 1997 2403 2811 3219 3625 4030 4439 4846 5251 5658 6066 6473 6882 7288 7695 8100 8505 8913 9320 9728
25 5769 367 780 1186 1594 1998 2404 2812 3220 3626 4031 4440 4847 5252 5659 6067 6474 6883 7289 7696 8101 8506 8914 9321 9729
25 9393 368 781 1187 1595 1999 2405 2813 3221 3627 4032 4441 4848 5253 5660 6068 6475 6884 7290 7697 8102 8507 8915 9322 9730
25 1515 369 782 1188 1596 2000 2406 2814 3222 3628 4033 4442 4849 5254 5661 6069 6476 6885 7291 7698 8103 8508 8916 9323 9731
25 1992 370 783 1189 1597 2001 2407 2815 3223 3630 4034 4443 4850 5255 5662 6070 6477 6886 7292 7699 8104 8509 8917 9324 9732
25 9325 371 784 1190 1598 2002 2408 2816 3224 3631 4035 4444 4851 5256 5663 6071 6478 6887 7293 7700 8105 8510 8918 9326 9733
25 7928 372 785 1191 1599 2003 2409 2817 3225 3632 4036 4445 4852 5257 5664 6072 6479 6888 7294 7701 8106 8511 8919 9327 9734
25 8670 373 786 1192 1600 2004 2410 2818 3226 3633 4037 4446 4853 5258 5665 6073 6480 6889 7295 7702 8107 8512 8920 9328 9735
25 6807 374 787 1193 1601 2005 2411 2819 3227 3634 4038 4447 4854 5259 5666 6074 6481 6890 7296 7703 8108 8513 8921 9329 9736
25 4435 375 788 1194 1602 2006 2412 2820 3228 3635 4039 4448 4855 5260 5667 6075 6482 6891 7297 7704 8109 8514 8922 9330 9737
25 2009 376 789 1195 1603 2007 2413 2821 3229 3636 4040 4449 4856 5261 5668 6076 6483 6892 7298 7705 8110 8515 8923 9331 9738
25 8640 377 790 1196 1604 2008 2414 2822 3230 3637 4041 4450 4857 5262 5669 6077 6484 6893 7299 7706 8111 8516 8924 9332 9739
25 3869 378 791 1197 1605 2010 2415 2823 3231 3638 4042 4451 4858 5263 5670 6078 6485 6894 7300 7707 8112 8517 8925 9333 9740
25 3253 379 792 1198 1606 2011 2416 2824 3232 3639 4043 4452 4859 5264 5671 6079 6486 6895 7301 7708 8113 8519 8926 9334 9741
25 8329 380 793 1199 1607 2012 2417 2825 3233 3640 4044 4453 4860 5265 5672 6080 6487 6896 7302 7709 8114 8520 8927 9335 9742
25 474 381 794 1200 1608 2013 2418 2826 3234 3641 4045 4454 4861 5266 5673 6081 6488 6897 7303 7710 8115 8521 8928 9336 9743
25 5868 382 795 1201 1609 2014 2419 2827 3235 3642 4046 4455 4862 5267 5674 6082 6489 6898 7304 7711 8116 8522 8929 9337 9744
25 1105 383 796 1202 1610 2016 2420 2828 3236 3643 4047 4456 4863 5268 5675 6083 6490 6899 7305 7712 8117 8523 8930 9338 9745
25 837 384 797 1203 1611 2017 2421 2829 3237 3644 4048 4457 4864 5269 5676 6084 6491 6900 7306 7713 8118 8524 8931 9339 9746
25 5693 385 798 1204 1612 2018 2422 2830 3238 3645 4049 4458 4865 5270 5677 6085 6492 6902 7307 7714 8119 8525 8932 9340 9747
25 84 386 799 1205 1613 2019 2423 2831 3239 3646 4050 4459 4866 5271 5678 6086 6493 6903 7308 7715 8120 8526 8933 9341 9748
25 9140 387 800 1206 1614 2020 2424 2832 3240 3647 4051 4460 4867 5272 5679 6087 6494 6904 7309 7716 8121 8527 8934 9342 9749
25 6706 388 801 1207 1615 2021 2425 2833 3241 3648 4052 4461 4868 5273 5680 6088 6495 6905 7310 7717 8122 8528 8935 9343 9750
25 203 389 802 1208 1616 2022 2426 2834 3242 3649 4053 4462 4869 5274 5681 6089 6496 6906 7311 7718 8123 8529 8936 9344 9751
25 7956 390 803 1210 1617 2023 2427 2835 3243 3650 4054 4463 4870 5275 5682 6090 6497 6907 7312 7719 8124 8530 8937 9345 9753
25 5717 391 804 1211 1618 2024 2428 2836 3244 3651 4055 4464 4871 5276 5683 6091 6498 6908 7313 7720 8125 8531 8938 9346 9754
25 2695 392 805 1212 1619 2025 2429 2837 3245 3652 4056 4465 4872 5277 5684 6092 6499 6909 7314 7721 8126 8532 8939 9347 9755
25 48 393 806 1213 1620 2026 2430 2838 3246 3653 4057 4466 4873 5278 5685 6093 6500 6910 7315 7722 8127 8533 8940 9348 9756
25 768 394 807 1214 1621 2027 2431 2839 3247 3654 4058 4467 4874 5279 5686 6094 6501 6911 7316 7723 8128 8534 8941 9349 9757
25 4090 395 808 1215 1622 2028 2433 2840 3248 3655 4060 4468 4875 5280 5687 6095 6502 6912 7317 7724 8129 8535 8942 9350 9758
25 9084 396 809 1216 1623 2029 2434 2841 3249 3656 4061 4469 4876 5281 5688 6096 6503 6913 7318 7725 8130 8536 8943 9351 9759
25 2356 397 810 1217 1624 2030 2435 2842 3250 3657 4062 4470 4877 5282 5689 6097 6504 6914 7319 7726 8131 8537 8944 9352 9760
25 311 398 811 1218 1625 2031 2436 2843 3251 3658 4063 4471 4878 5283 5690 6098 6505 6915 7320 7727 8132 8538 8945 9353 9761
25 4379 399 812 1219 1626 2032 2437 2844 3252 3659 4064 4472 4879 5284 5691 6099 6506 6916 7321 7728 8133 8539 8946 9354 9762
25 7399 400 813 1220 1627 2033 2438 2845 3254 3660 4065 4473 4880 5285 5692 6100 6507 6917 7322 7729 8134 8540 8947 9355 9763
25 7561 401 814 1221 1628 2034 2439 2846 3255 3661 4066 4474 4881 5286 5694 6101 6508 6918 7323 7730 8135 8541 8948 9356 9764
25 568 402 815 1222 1629 2035 2440 2847 3256 3662 4067 4475 4882 5287 5695 6102 6509 6919 7324 7731 8136 8542 8949 9357 9765
25 4494 403 816 1223 1630 2036 2441 2848 3257 3663 4068 4476 4883 5288 5696 6103 6510 6920 7325 7732 8137 8543 8951 9358 9766
25 8950 404 817 1224 1631 2037 2442 2849 3258 3664 4069 4477 4884 5289 5697 6104 6511 6921 7326 7733 8138 8544 8952 9359 9767
25 6541 405 818 1225 1632 2038 2443 2850 3259 3665 4070 4478 4885 5290 5698 6105 6512 6922 7327 7734 8139 8545 8953 9360 9768
25 4948 406 819 1226 1633 2039 2444 2851 3260 3666 4072 4479 4886 5291 5699 6106 6513 6923 7328 7735 8140 8546 8954 9361 9769
25 0 407 820 1227 1634 2040 2445 2852 3261 3667 4073 4480 4887 5292 5700 6107 6514 6924 7329 7736 8141 8547 8955 9362 9770
25 1 408 821 1228 1635 2041 2446 2853 3262 3668 4074 4481 4888 5293 5701 6108 6515 6925 7330 7737 8142 8548 8956 9363 9771
25 2 409 822 1229 1636 2042 2447 2854 3263 3669 4075 4482 4889 5294 5702 6109 6516 6926 7331 7738 8143 8549 8957 9364 9772
25 3 410 823 1230 1637 2043 2448 2855 3264 3670 4076 4483 4890 5295 5703 6110 6517 6927 7332 7739 8144 8550 8958 9365 9773
25 4 411 824 1231 1638 2044 2449 2856 3265 3671 4077 4484 4891 5296 5704 6111 6518 6928 7333 7740 8145 8551 8959 9366 9774
25 5 412 825 1232 1639 2045 2450 2857 3266 3672 4079 4485 4892 5297 5705 6112 6519 6929 7334 7741 8146 8552 8960 9367 9775
25 6 413 826 1233 1640 2046 2451 2858 3267 3673 4080 4486 4893 5298 5706 6113 6520 6930 7335 7742 8147 8553 8961 9368 9776
25 7 414 827 1234 1641 2047 2452 2859 3268 3674 4081 4487 4894 5301 5707 6114 6521 6931 7336 7743 8148 8554 8962 9369 9777
25 8 415 828 1235 1642 2048 2453 2860 3269 3675 4082 4488 4895 5302 5708 6115 6522 6932 7337 7744 8149 8555 8963 9370 9778
25 9 416 829 1236 1643 2049 2454 2861 3270 3676 4083 4489 4896 5303 5709 6116 6523 6933 7338 7745 8150 8556 8964 9371 9779
25 10 417 830 1237 1644 2050 2455 2862 3271 3677 4084 4490 4897 5304 5710 6117 6524 6934 7339 7746 8151 8557 8965 9372 9780
25 11 418 831 1238 1645 2051 2456 2863 3272 3678 4085 4491 4898 5305 5711 6118 6525 6935 7340 7747 8152 8558 8966 9373 9781
25 12 419 832 1239 1646 2052 2457 2864 3273 3679 4086 4492 4899 5306 5712 6119 6526 6936 7341 7748 8153 8559 8967 9374 9782
25 13 420 833 1240 1647 2053 2458 2865 3274 3680 4087 4493 4900 5307 5713 6120 6527 6937 7342 7749 8154 8560 8968 9375 9783
25 14 421 834 1241 1648 2054 2459 2866 3275 3681 4088 4495 4901 5308 5714 6121 6528 6938 7343 7750 8155 8561 8969 9376 9784
25 15 422 835 1242 1649 2055 2460 2867 3276 3682 4089 4496 4902 5309 5715 6122 6529 6939 7344 7751 8156 8562 8970 9377 9785
25 16 424 836 1243 1650 2056 2461 2868 3277 3683 4091 4497 4903 5310 5716 6123 6530 6940 7345 7752 8157 8563 8971 9378 9786
25 17 425 838 1244 1651 2057 2462 2869 3278 3684 4092 4498 4904 5311 5718 6124 6531 6941 7346 7753 8158 8564 8972 9379 9787
25 18 426 839 1245 1652 2058 2463 2870 3279 3685 4093 4499 4905 5312 5719 6125 6532 6942 7347 7754 8159 8565 8973 9380 9788
25 19 427 840 1246 1653 2059 2464 2871 3280 3686 4095 4500 4906 5313 5720 6126 6533 6943 7348 7755 8160 8566 8974 9381 9789
25 20 428 841 1247 1654 2060 2466 2872 3281 3687 4096 4501 4907 5314 5721 6127 6534 6944 7349 7756 8161 8567 8975 9382 9790
25 21 429 842 1248 1655 2061 2467 2873 3282 3688 4097 4502 4908 5315 5722 6128 6535 6945 7350 7757 8162 8568 8976 9383 9791
25 22 430 843 1249 1656 2062 2468 2874 3283 3689 4098 4503 4909 5316 5723 6129 6536 6946 7351 7758 8163 8569 8977 9384 9792
25 23 431 844 1250 1657 2063 2469 2875 3284 3690 4099 4504 4910 5317 5724 6130 6537 6947 7352 7759 8164 8570 8978 9385 9793
25 24 432 845 1251 1658 2064 2470 2876 3285 3691 4100 4505 4911 5318 5725 6131 6538 6948 7353 7760 8165 8571 8979 9386 9794
25 25 433 846 1252 1659 2065 2471 2877 3286 3692 4101 4506 4912 5319 5726 6132 6539 6949 7354 7761 8166 8572 8980 9387 9795
25 26 434 847 1253 1660 2066 2472 2878 3287 3693 4102 4507 4913 5320 5727 6133 6540 6950 7355 7762 8167 8573 8981 9388 9796
25 27 435 848 1254 1661 2067 2473 2879 3288 3694 4103 4508 4914 5321 5728 6134 6542 6951 7356 7763 8168 8574 8982 9389 9797
25 28 436 849 1255 1662 2068 2474 2880 3289 3695 4104 4509 4915 5322 5729 6135 6543 6952 7357 7764 8169 8575 8983 9390 9798
25 29 437 850 1256 1663 2069 2475 2881 3290 3697 4105 4510 4916 5323 5730 6136 6544 6953 7358 7765 8170 8576 8984 9391 9799
25 30 438 851 1257 1664 2070 2476 2882 3291 3698 4106 4511 4917 5325 5731 6137 6545 6954 7359 7766 8171 8577 8985 9392 9800
25 31 439 852 1258 1665 2071 2477 2884 3292 3699 4107 4512 4918 5326 5732 6138 6546 6955 7360 7767 8172 8578 8986 9394 9801
25 32 440 853 1259 1666 2072 2478 2885 3293 3700 4108 4513 4919 5327 5733 6139 6547 6956 7361 7768 8173 8579 8987 9395 9802
25 33 441 854 1260 1667 2073 2479 2886 3294 3701 4109 4514 4920 5328 5734 6140 6548 6957 7362 7769 8174 8580 8988 9396 9803
25 34 442 855 1261 1668 2074 2480 2887 3295 3702 4110 4515 4921 5329 5735 6141 6549 6958 7363 7770 8176 8581 8989 9397 9804
25 35 443 856 1262 1669 2075 2481 2888 3296 3703 4111 4516 4922 5330 5736 6142 6550 6959 7364 7771 8177 8582 8990 9398 9805
25 36 444 857 1263 1670 2076 2482 2889 3297 3704 4112 4517 4923 5331 5737 6143 6551 6960 7365 7772 8178 8583 8991 9399 9806
25 37 445 858 1264 1671 2077 2483 2890 3298 3705 4113 4518 4924 5332 5738 6144 6552 6961 7366 7773 8179 8584 8992 9400 9807
25 38 446 859 1265 1672 2078 2484 2891 3299 3706 4114 4519 4925 5333 5739 6145 6553 6962 7367 7774 8180 8585 8993 9401 9808
25 39 447 860 1266 1673 2079 2485 2892 3300 3707 4115 4520 4926 5334 5740 6146 6554 6963 7368 7775 8181 8586 8994 9402 9809
25 40 448 861 1267 1674 2080 2486 2893 3301 3708 4116 4521 4927 5336 5741 6147 6555 6964 7369 7776 8182 8587 8995 9403 9810
25 41 449 862 1268 1675 2081 2487 2894 3302 3709 4117 4522 4928 5337 5742 6148 6556 6965 7370 7777 8183 8588 8996 9404 9811
25 42 450 863 1269 1676 2082 2488 2895 3303 3710 4118 4523 4929 5338 5743 6149 6557 6966 7371 7778 8184 8589 8997 9405 9812
25 43 451 864 1270 1677 2083 2489 2896 3304 3711 4119 4524 4930 5339 5744 6150 6558 6967 7372 7779 8185 8590 8998 9406 9813
25 44 452 865 1271 1678 2084 2490 2897 3305 3712 4120 4526 4931 5340 5745 6151 6559 6968 7373 7780 8186 8591 8999 9407 9814
25 45 453 866 1272 1679 2085 2491 2898 3306 3713 4121 4527 4932 5341 5746 6152 6560 6969 7374 7781 8187 8592 9000 9408 9815
25 46 454 867 1274 1680 2086 2492 2899 3308 3714 4122 4528 4933 5342 5747 6153 6561 6970 7375 7782 8188 8593 9001 9410 9816
25 47 455 868 1275 1681 2087 2493 2900 3309 3715 4123 4529 4934 5343 5748 6154 6562 6971 7376 7783 8189 8594 9002 9411 9817
25 49 456 869 1276 1682 2088 2494 2901 3310 3716 4124 4530 4935 5344 5749 6155 6563 6972 7377 7784 8190 8595 9004 9412 9818
25 50 457 870 1277 1683 2089 2495 2902 3311 3717 4125 4531 4936 5345 5750 6156 6564 6973 7378 7785 8191 8596 9005 9413 9819
25 51 458 871 1278 1684 2090 2496 2903 3312 3718 4126 4532 4937 5346 5751 6157 6565 6974 7379 7786 8192 8597 9006 9414 9820
25 52 459 872 1279 1685 2091 2497 2904 3313 3719 4127 4533 4938 5347 5752 6158 6566 6975 7380 7787 8193 8598 9007 9415 9821
25 53 460 873 1280 1686 2092 2498 2905 3314 3720 4128 4534 4939 5348 5753 6159 6567 6976 7381 7788 8194 8599 9008 9416 9822
25 54 461 874 1281 1687 2093 2499 2906 3315 3721 4129 4535 4940 5349 5754 6160 6568 6977 7382 7789 8195 8600 9009 9417 9823
25 55 462 875 1282 1688 2094 2500 2907 3316 3722 4130 4536 4941 5350 5755 6161 6569 6978 7383 7790 8196 8601 9010 9418 9824
25 56 463 876 1283 1689 2095 2501 2908 3317 3723 4131 4537 4942 5351 5756 6162 6570 6979 7384 7791 8197 8602 9011 9419 9825
25 57 464 877 1284 1690 2096 2502 2909 3318 3724 4132 4538 4943 5352 5757 6163 6571 6980 7385 7792 8198 8603 9012 9420 9826
25 58 465 878 1285 1691 2097 2503 2910 3319 3725 4133 4539 4944 5353 5758 6164 6572 6981 7386 7793 8199 8604 9013 9421 9827
25 59 466 879 1286 1692 2098 2504 2911 3320 3726 4134 4540 4945 5354 5759 6165 6573 6982 7387 7794 8200 8605 9014 9422 9828
25 60 467 880 1287 1693 2099 2505 2912 3321 3727 4135 4541 4946 5355 5760 6166 6574 6983 7388 7795 8201 8606 9015 9423 9829
25 61 468 881 1288 1694 2100 2506 2913 3322 3728 4136 4542 4947 5356 5761 6167 6575 6984 7389 7796 8202 8607 9016 9424 9830
25 62 469 882 1289 1695 2101 2507 2914 3323 3729 4137 4543 4949 5357 5762 6168 6576 6985 7390 7797 8203 8608 9017 9425 9831
25 63 470 883 1290 1696 2102 2508 2915 3324 3730 4138 4544 4950 5358 5763 6169 6577 6986 7391 7798 8204 8609 9018 9426 9832
25 64 471 884 1291 1697 2103 2509 2916 3325 3731 4139 4545 4951 5359 5764 6170 6578 6987 7392 7799 8205 8610 9019 9427 9833
25 65 472 885 1292 1698 2104 2510 2918 3326 3732 4140 4546 4952 5360 5765 6171 6579 6988 7393 7800 8206 8611 9020 9428 9834
25 66 473 886 1293 1699 2105 2511 2919 3327 3733 4141 4547 4953 5361 5766 6172 6580 6989 7394 7801 8207 8612 9021 9429 9835
25 67 475 887 1294 1700 2106 2512 2921 3328 3734 4142 4548 4954 5362 5767 6173 6581 6990 7395 7802 8208 8613 9022 9430 9836
25 68 476 888 1295 1701 2107 2513 2922 3329 3735 4143 4549 4955 5363 5768 6174 6582 6991 7396 7803 8209 8614 9023 9431 9837
25 69 477 889 1296 1702 2108 2514 2923 3330 3736 4144 4550 4956 5364 5770 6175 6583 6992 7397 7804 8210 8615 9024 9432 9838
25 70 478 890 1297 1703 2109 2515 2924 3331 3737 4145 4551 4957 5365 5771 6176 6584 6993 7398 7805 8211 8616 9025 9433 9839
25 71 479 891 1298 1704 2110 2516 2925 3332 3738 4146 4552 4958 5366 5772 6177 6585 6994 7400 7806 8212 8617 9026 9434 9840
25 72 480 892 1299 1705 2111 2517 2926 3333 3739 4147 4553 4959 5367 5773 6178 6586 6995 7401 7807 8213 8618 9027 9435 9841
25 73 481 893 1300 1706 2112 2518 2927 3334 3740 4148 4554 4960 5368 5774 6179 6587 6996 7402 7808 8214 8619 9028 9436 9842
25 74 482 894 1301 1707 2113 2520 2928 3335 3741 4149 4555 4961 5369 5775 6180 6588 6997 7403 7809 8215 8620 9029 9437 9843
25 75 483 895 1302 1708 2114 2521 2929 3336 3742 4150 4556 4962 5370 5776 6181 6589 6998 7404 7810 8216 8621 9030 9438 9844
25 76 484 896 1303 1709 2115 2522 2930 3337 3743 4151 4557 4963 5371 5777 6182 6590 6999 7405 7811 8217 8622 9031 9439 9845
25 77 485 897 1304 1710 2116 2523 2931 3338 3744 4152 4558 4964 5372 5778 6183 6591 7000 7406 7812 8218 8623 9032 9440 9846
25 78 486 898 1306 1711 2117 2524 2932 3339 3745 4153 4559 4965 5373 5779 6184 6592 7001 7407 7813 8219 8624 9033 9441 9848
25 79 487 899 1307 1712 2118 2525 2933 3340 3746 4154 4560 4966 5374 5780 6185 6593 7002 7408 7814 8220 8625 9034 9442 9849
25 80 488 900 1308 1713 2119 2526 2934 3341 3747 4155 4561 4967 5375 5781 6186 6594 7003 7409 7815 8221 8626 9035 9443 9850
25 81 489 901 1309 1714 2120 2527 2935 3342 3748 4156 4562 4968 5376 5782 6187 6595 7004 7410 7816 8222 8627 9036 9444 9851
25 82 490 902 1310 1715 2121 2528 2936 3343 3749 4157 4563 4969 5377 5783 6188 6596 7006 7411 7817 8223 8628 9037 9445 9852
25 83 491 903 1311 1716 2122 2529 2937 3344 3750 4158 4564 4970 5378 5784 6189 6597 7007 7412 7818 8224 8629 9038 9446 9853
25 85 492 904 1312 1717 2123 2530 2938 3345 3751 4159 4565 4971 5379 5785 6190 6598 7008 7413 7819 8225 8630 9039 9447 9854
25 86 493 905 1313 1718 2124 2531 2939 3346 3752 4160 4566 4972 5380 5786 6191 6599 7009 7414 7820 8226 8631 9040 9448 9855
25 87 494 906 1314 1719 2125 2532 2940 3347 3753 4161 4567 4973 5381 5787 6192 6600 7010 7415 7821 8227 8632 9041 9449 9856
25 89 495 907 1316 1720 2126 2533 2941 3348 3754 4162 4568 4974 5382 5788 6193 6601 7011 7416 7822 8228 8633 9042 9450 9857
25 90 496 908 1317 1721 2127 2534 2942 3349 3755 4163 4569 4975 5383 5789 6194 6602 7012 7417 7823 8229 8634 9043 9451 9858
25 91 497 909 1318 1722 2128 2535 2943 3350 3756 4164 4570 4976 5384 5790 6195 6603 7014 7418 7824 8230 8635 9044 9452 9859
25 92 498 910 1319 1723 2129 2536 2944 3351 3757 4165 4571 4977 5385 5791 6196 6604 7015 7419 7825 8231 8636 9045 9453 9860
25 93 499 911 1320 1724 2130 2537 2945 3352 3758 4166 4572 4978 5386 5792 6197 6605 7016 7420 7826 8232 8637 9046 9454 9861
25 94 500 912 1321 1725 2131 2538 2946 3353 3759 4167 4573 4979 5387 5793 6198 6606 7017 7421 7827 8233 8638 9047 9455 9862
25 95 501 913 1322 1726 2132 2539 2947 3354 3760 4168 4574 4980 5388 5794 6199 6607 7018 7422 7828 8234 8639 9048 9456 9863
25 96 502 914 1323 1727 2133 2540 2948 3355 3761 4169 4575 4981 5389 5795 6200 6608 7019 7423 7829 8235 8641 9049 9457 9864
25 97 503 915 1324 1728 2134 2541 2950 3356 3762 4170 4576 4982 5390 5796 6201 6609 7020 7424 7830 8236 8642 9050 9458 9865
25 98 504 916 1325 1729 2136 2542 2951 3357 3763 4171 4577 4983 5391 5797 6202 6610 7021 7425 7831 8237 8643 9051 9459 9866
25 99 505 917 1326 1730 2137 2543 2952 3358 3764 4172 4578 4984 5392 5798 6203 6611 7022 7426 7832 8238 8644 9052 9460 9867
25 100 506 918 1327 1731 2138 2544 2953 3359 3765 4173 4579 4985 5393 5799 6204 6612 7023 7427 7833 8239 8645 9053 9461 9868
25 101 507 919 1328 1732 2139 2545 2954 3360 3766 4174 4580 4986 5394 5800 6205 6613 7024 7428 7834 8240 8646 9054 9462 9869
25 102 508 920 1329 1733 2140 2546 2955 3361 3767 4175 4581 4987 5395 5801 6206 6614 7025 7430 7835 8241 8647 9055 9463 9870
25 103 509 921 1330 1734 2141 2547 2956 3362 3768 4176 4582 4988 5396 5802 6207 6615 7026 7431 7836 8242 8648 9056 9464 9871
25 104 510 922 1331 1735 2142 2548 2957 3363 3769 4177 4583 4989 5397 5803 6208 6616 7027 7432 7837 8243 8649 9057 9465 9872
25 105 511 923 1332 1736 2143 2549 2958 3364 3770 4178 4584 4990 5398 5804 6209 6617 7028 7433 7838 8244 8650 9058 9466 9873
25 106 512 924 1333 1737 2144 2550 2959 3365 3771 4179 4585 4991 5399 5805 6210 6618 7029 7434 7839 8245 8651 9059 9467 9874
25 107 513 925 1334 1738 2145 2551 2960 3366 3772 4180 4586 4992 5400 5806 6211 6619 7030 7435 7840 8246 8652 9060 9468 9875
25 108 514 926 1336 1739 2146 2552 2961 3367 3773 4181 4587 4993 5401 5807 6212 6620 7031 7436 7841 8247 8653 9061 9469 9876
25 109 515 927 1337 1740 2147 2553 2962 3368 3774 4182 4588 4994 5402 5808 6213 6621 7032 7437 7842 8248 8654 9062 9470 9877
25 110 516 928 1338 1741 2148 2554 2963 3369 3775 4183 4589 4995 5403 5809 6214 6622 7033 7438 7843 8249 8655 9063 9471 9878
25 111 517 929 1339 1742 2149 2555 2964 3370 3776 4184 4590 4996 5404 5810 6215 6623 7034 7439 7844 8250 8656 9064 9472 9879
25 112 518 930 1340 1743 2150 2556 2965 3371 3777 4185 4591 4997 5405 5811 6216 6624 7035 7440 7845 8251 8657 9065 9473 9880
25 113 519 931 1341 1744 2151 2557 2966 3372 3778 4186 4592 4998 5406 5812 6217 6625 7036 7441 7846 8252 8658 9066 9474 9881
25 114 520 932 1342 1745 2152 2558 2967 3373 3779 4187 4593 4999 5407 5813 6218 6626 7037 7442 7847 8253 8659 9067 9475 9882
25 115 521 933 1343 1746 2153 2559 2968 3374 3780 4188 4594 5000 5408 5814 6219 6627 7038 7443 7848 8254 8660 9068 9476 9883
25 116 522 934 1344 1747 2154 2560 2969 3375 3781 4189 4595 5001 5409 5815 6220 6628 7039 7444 7849 8255 8661 9069 9477 9884
25 117 523 935 1345 1748 2155 2561 2970 3376 3782 4190 4596 5002 5410 5816 6221 6629 7040 7445 7850 8256 8662 9070 9478 9885
25 118 524 936 1346 1749 2156 2562 2971 3377 3783 4191 4597 5003 5411 5817 6222 6630 7041 7446 7851 8257 8663 9071 9479 9886
25 119 525 937 1347 1750 2157 2563 2972 3378 3784 4192 4598 5004 5412 5818 6223 6631 7042 7447 7852 8258 8664 9072 9480 9887
25 120 526 938 1348 1751 2158 2564 2973 3379 3785 4193 4599 5005 5413 5819 6224 6632 7043 7448 7853 8259 8665 9073 9481 9888
25 121 527 939 1349 1752 2159 2565 2974 3380 3786 4194 4600 5006 5414 5820 6225 6633 7044 7449 7854 8260 8666 9074 9482 9889
25 122 528 940 1350 1753 2160 2566 2975 3381 3787 4195 4602 5007 5415 5821 6226 6634 7045 7450 7855 8261 8667 9075 9483 9890
25 123 529 941 1351 1754 2161 2567 2976 3382 3788 4196 4603 5008 5416 5822 6227 6635 7046 7451 7856 8262 8668 9076 9484 9891
25 124 530 942 1352 1755 2162 2568 2977 3383 3789 4197 4604 5009 5417 5823 6228 6636 7047 7452 7857 8263 8669 9077 9485 9892
25 125 531 943 1353 1756 2163 2569 2978 3384 3790 4198 4605 5010 5418 5824 6229 6637 7048 7453 7858 8264 8671 9078 9486 9893
25 126 532 944 1354 1758 2164 2570 2979 3385 3791 4199 4606 5011 5419 5825 6230 6638 7049 7454 7859 8265 8672 9079 9487 9894
25 127 533 945 1355 1759 2165 2572 2980 3386 3792 4200 4607 5012 5420 5826 6231 6639 7050 7455 7860 8266 8673 9080 9488 9895
25 128 534 946 1356 1760 2166 2573 2981 3387 3793 4201 4608 5013 5421 5827 6232 6640 7051 7456 7862 8267 8674 9081 9489 9896
25 129 535 947 1357 1761 2167 2574 2982 3388 3794 4202 4609 5014 5422 5828 6233 6641 7052 7457 7863 8268 8675 9082 9490 9897
25 130 536 948 1358 1762 2168 2575 2983 3389 3795 4203 4610 5015 5423 5829 6234 6642 7053 7458 7864 8269 8676 9083 9491 9898
25 131 537 949 1359 1763 2169 2576 2984 3390 3796 4204 4611 5016 5424 5830 6235 6643 7054 7459 7865 8270 8677 9085 9492 9899
25 132 538 950 1360 1764 2170 2577 2985 3391 3797 4205 4612 5017 5425 5831 6236 6644 7055 7460 7866 8271 8678 9086 9493 9900
25 133 539 951 1361 1765 2171 2578 2986 3392 3798 4206 4613 5019 5426 5832 6237 6645 7056 7461 7867 8272 8679 9087 9494 9901
25 134 540 952 1362 1766 2172 2579 2987 3393 3799 4207 4614 5020 5427 5833 6238 6646 7057 7462 7868 8273 8680 9088 9495 9902
25 135 541 953 1363 1767 2173 2580 2988 3394 3800 4208 4615 5021 5428 5834 6239 6647 7058 7464 7869 8274 8681 9089 9496 9903
25 136 542 954 1364 1768 2174 2582 2989 3395 3801 4209 4616 5022 5429 5835 6240 6648 7059 7465 7870 8275 8682 9090 9497 9904
25 137 543 955 1365 1769 2175 2583 2990 3396 3802 4210 4617 5023 5430 5836 6241 6649 7060 7466 7871 8276 8683 9091 9498 9905
25 138 544 956 1366 1770 2176 2584 2991 3397 3803 4211 4618 5024 5431 5837 6242 6650 7061 7467 7872 8277 8684 9092 9499 9906
25 139 545 957 1367 1771 2177 2585 2992 3398 3804 4212 4619 5025 5432 5838 6243 6651 7062 7468 7873 8278 8685 9093 9500 9907
25 140 546 958 1368 1772 2178 2586 2993 3399 3805 4213 4620 5026 5433 5839 6244 6652 7063 7469 7874 8279 8686 9094 9501 9908
25 141 547 959 1369 1773 2179 2587 2994 3400 3806 4214 4621 5027 5434 5840 6245 6653 7064 7470 7875 8280 8687 9095 9502 9909
25 142 548 960 1370 1774 2180 2588 2995 3401 3807 4215 4622 5028 5435 5841 6246 6654 7065 7471 7876 8281 8688 9096 9503 9910
25 143 550 961 1371 1775 2181 2589 2996 3402 3808 4216 4623 5029 5436 5842 6247 6655 7066 7472 7877 8282 8689 9097 9505 9911
25 144 551 962 1372 1776 2182 2590 2997 3403 3809 4217 4624 5030 5437 5843 6248 6656 7067 7473 7878 8283 8690 9098 9506 9912
25 145 552 963 1373 1777 2183 2591 2998 3404 3810 4218 4625 5031 5438 5844 6249 6657 7068 7474 7879 8284 8691 9099 9507 9914
25 146 553 964 1374 1778 2184 2592 2999 3405 3811 4219 4626 5032 5439 5845 6250 6658 7069 7476 7880 8285 8692 9100 9508 9915
25 147 554 965 1375 1779 2185 2593 3000 3406 3812 4220 4627 5033 5441 5846 6251 6659 7071 7477 7881 8286 8693 9101 9509 9916
25 148 555 966 1376 1780 2186 2594 3001 3407 3813 4221 4628 5034 5442 5847 6253 6660 7072 7478 7882 8287 8694 9102 9510 9917
25 149 556 967 1377 1781 2187 2595 3002 3408 3814 4222 4629 5035 5443 5848 6254 6661 7073 7479 7883 8288 8695 9103 9511 9918
25 150 557 968 1378 1782 2188 2596 3003 3409 3815 4223 4630 5036 5444 5849 6255 6662 7074 7480 7884 8289 8696 9104 9512 9919
25 151 558 969 1379 1783 2189 2597 3004 3410 3816 4224 4631 5037 5446 5850 6256 6663 7075 7481 7885 8290 8697 9105 9513 9920
25 152 559 970 1380 1784 2190 2598 3005 3411 3818 4225 4632 5038 5447 5851 6257 6664 7076 7482 7886 8291 8698 9106 9515 9921
25 153 560 971 1381 1785 2191 2599 3006 3412 3819 4226 4633 5039 5448 5852 6258 6665 7077 7483 7887 8293 8699 9107 9516 9922
25 154 561 972 1382 1786 2192 2600 3007 3413 3820 4227 4634 5040 5449 5853 6259 6666 7078 7484 7888 8294 8700 9108 9517 9923
25 155 562 973 1383 1787 2193 2601 3008 3414 3821 4228 4635 5041 5450 5854 6260 6667 7079 7485 7889 8295 8701 9109 9518 9924
25 156 564 974 1384 1788 2194 2602 3009 3415 3822 4229 4636 5042 5451 5855 6261 6668 7080 7486 7890 8296 8702 9110 9519 9925
25 157 565 975 1385 1789 2195 2603 3010 3416 3823 4230 4637 5043 5452 5856 6262 6669 7081 7487 7891 8297 8703 9111 9520 9926
25 158 566 976 1386 1790 2196 2604 3011 3417 3824 4231 4638 5044 5453 5857 6264 6671 7082 7488 7892 8298 8704 9112 9521 9927
25 159 567 977 1387 1791 2197 2605 3012 3418 3825 4232 4639 5045 5454 5858 6265 6672 7083 7489 7893 8299 8705 9113 9522 9928
25 160 569 978 1388 1792 2198 2606 3013 3419 3826 4233 4640 5046 5455 5859 6266 6673 7084 7490 7894 8300 8706 9114 9523 9929
25 161 570 979 1389 1793 2199 2607 3014 3420 3827 4234 4641 5047 5456 5860 6267 6674 7085 7491 7895 8301 8707 9115 9524 9930
25 162 571 980 1390 1794 2200 2608 3015 3421 3828 4235 4642 5048 5457 5861 6268 6675 7086 7492 7896 8302 8709 9116 9525 9931
25 163 572 981 1391 1795 2201 2609 3016 3422 3829 4236 4643 5049 5458 5862 6269 6676 7087 7493 7897 8303 8710 9117 9526 9932
25 164 573 982 1392 1796 2202 2610 3017 3423 3830 4237 4644 5050 5459 5863 6270 6677 7088 7494 7898 8304 8711 9118 9527 9933
25 165 574 983 1393 1797 2203 2611 3018 3424 3831 4238 4645 5051 5460 5864 6271 6678 7089 7495 7899 8305 8712 9119 9528 9934
25 166 575 984 1394 1798 2204 2612 3019 3425 3832 4239 4646 5052 5461 5865 6272 6679 7090 7496 7900 8306 8713 9120 9529 9935
25 167 576 985 1395 1799 2205 2613 3020 3426 3833 4240 4647 5053 5462 5866 6273 6680 7091 7497 7901 8307 8714 9121 9530 9936
25 168 577 986 1396 1800 2206 2614 3021 3427 3834 4241 4648 5054 5463 5867 6274 6681 7092 7498 7902 8308 8715 9122 9531 9937
25 169 578 987 1397 1801 2207 2615 3022 3428 3835 4242 4649 5055 5464 5869 6275 6682 7093 7500 7903 8309 8716 9123 9532 9938
25 170 579 988 1398 1802 2208 2616 3023 3429 3836 4243 4650 5056 5465 5870 6276 6683 7094 7501 7904 8311 8717 9124 9533 9939
25 171 580 989 1399 1803 2209 2617 3024 3430 3837 4244 4651 5057 5466 5871 6278 6684 7095 7502 7905 8312 8718 9125 9534 9940
25 172 581 990 1400 1804 2210 2618 3025 3431 3838 4245 4652 5058 5467 5872 6279 6685 7096 7503 7906 8313 8719 9126 9535 9941
25 173 582 991 1401 1805 2211 2619 3026 3432 3839 4246 4653 5059 5468 5873 6280 6686 7097 7504 7907 8314 8720 9127 9536 9942
25 174 583 992 1402 1806 2212 2620 3027 3433 3840 4247 4654 5060 5469 5874 6281 6687 7098 7505 7908 8315 8721 9128 9537 9943
25 175 584 993 1403 1807 2213 2621 3028 3434 3841 4248 4655 5061 5470 5875 6282 6688 7099 7506 7909 8316 8722 9129 9538 9944
25 176 585 994 1404 1808 2214 2622 3029 3435 3842 4249 4656 5062 5471 5876 6283 6690 7100 7507 7910 8317 8723 9130 9539 9945
25 177 586 995 1405 1809 2215 2623 3030 3436 3843 4250 4657 5063 5472 5877 6284 6691 7101 7508 7911 8318 8724 9131 9540 9946
25 178 587 996 1406 1810 2216 2624 3031 3437 3844 4251 4658 5064 5473 5878 6285 6692 7102 7509 7912 8319 8725 9132 9541 9947
25 179 588 997 1407 1811 2217 2625 3032 3438 3845 4252 4659 5065 5474 5879 6286 6693 7103 7510 7913 8320 8726 9133 9542 9948
25 180 589 998 1408 1812 2218 2626 3033 3439 3846 4253 4660 5066 5475 5880 6287 6694 7104 7511 7914 8321 8727 9134 9543 9949
25 181 590 999 1409 1813 2219 2627 3034 3440 3847 4254 4661 5067 5476 5881 6288 6695 7105 7512 7915 8322 8728 9135 9544 9950
25 182 591 1000 1410 1814 2220 2628 3035 3441 3848 4255 4662 5068 5477 5882 6289 6696 7106 7513 7916 8323 8729 9136 9545 9951
25 183 592 1001 1411 1815 2221 2629 3036 3443 3849 4256 4663 5069 5478 5883 6290 6697 7107 7514 7917 8324 8730 9137 9546 9952
25 184 593 1002 1412 1816 2222 2630 3037 3444 3850 4257 4664 5070 5479 5884 6291 6698 7108 7515 7918 8325 8732 9138 9547 9953
25 185 594 1003 1413 1817 2223 2631 3038 3445 3851 4258 4665 5071 5480 5885 6292 6699 7110 7516 7919 8326 8733 9139 9548 9954
25 186 595 1004 1414 1818 2224 2632 3039 3446 3852 4259 4666 5072 5481 5886 6293 6700 7111 7517 7920 8327 8734 9141 9549 9955
25 188 596 1005 1415 1819 2225 2633 3040 3447 3853 4260 4667 5073 5482 5887 6294 6701 7112 7518 7921 8328 8735 9142 9550 9956
25 189 597 1006 1416 1820 2226 2634 3041 3448 3854 4261 4668 5074 5483 5888 6295 6702 7113 7519 7922 8330 8736 9143 9551 9957
25 190 598 1007 1417 1821 2227 2635 3042 3449 3855 4262 4669 5075 5484 5889 6296 6703 7114 7520 7923 8331 8737 9144 9552 9958
25 191 599 1008 1418 1822 2228 2636 3043 3450 3856 4263 4670 5076 5485 5890 6297 6704 7115 7521 7924 8332 8738 9145 9553 9959
25 192 600 1009 1419 1823 2229 2637 3044 3451 3857 4264 4671 5077 5486 5891 6298 6705 7116 7522 7925 8333 8739 9146 9554 9960
25 193 601 1010 1420 1824 2230 2638 3045 3452 3858 4265 4672 5078 5487 5892 6299 6707 7117 7523 7926 8334 8740 9147 9555 9961
25 194 602 1011 1421 1825 2231 2639 3046 3453 3859 4266 4673 5079 5488 5893 6300 6708 7118 7524 7927 8335 8741 9148 9556 9962
25 195 603 1012 1422 1826 2232 2640 3047 3454 3860 4267 4674 5080 5489 5894 6301 6709 7119 7525 7929 8336 8742 9149 9557 9963
25 196 604 1013 1423 1827 2233 2641 3048 3455 3861 4268 4675 5081 5490 5895 6302 6710 7120 7526 7930 8337 8743 9150 9558 9964
25 197 605 1014 1424 1828 2234 2642 3049 3456 3862 4269 4676 5082 5491 5896 6303 6711 7121 7527 7931 8338 8744 9151 9559 9965
25 198 607 1015 1425 1829 2235 2643 3050 3457 3863 4270 4677 5083 5492 5897 6304 6712 7122 7528 7932 8339 8745 9152 9560 9966
25 199 608 1016 1426 1830 2236 2644 3051 3458 3864 4271 4678 5084 5493 5898 6305 6713 7123 7529 7933 8340 8746 9153 9561 9967
25 200 609 1017 1427 1831 2237 2645 3052 3459 3865 4272 4680 5085 5494 5899 6306 6714 7124 7530 7934 8341 8747 9154 9562 9968
25 201 610 1018 1428 1832 2238 2646 3053 3460 3866 4273 4681 5086 5495 5900 6307 6715 7125 7531 7935 8342 8748 9155 9564 9969
25 202 611 1019 1429 1833 2239 2647 3054 3461 3867 4274 4682 5087 5496 5901 6308 6716 7126 7532 7937 8343 8749 9156 9565 9970
25 204 612 1020 1430 1834 2240 2648 3056 3462 3868 4275 4683 5088 5498 5902 6309 6717 7127 7533 7938 8344 8750 9157 9566 9971
25 205 613 1021 1431 1835 2241 2649 3057 3463 3870 4276 4684 5089 5499 5903 6310 6718 7128 7534 7939 8345 8751 9158 9567 9972
25 206 614 1022 1432 1836 2242 2650 3058 3464 3871 4277 4685 5090 5500 5904 6311 6719 7129 7535 7940 8346 8752 9159 9568 9973
25 207 615 1023 1433 1837 2243 2651 3059 3465 3872 4278 4686 5091 5501 5905 6312 6720 7130 7536 7941 8347 8753 9160 9569 9974
25 208 616 1024 1434 1838 2244 2652 3060 3466 3873 4279 4687 5092 5502 5906 6313 6721 7131 7537 7942 8348 8754 9161 9570 9975
25 209 617 1025 1435 1839 2245 2653 3061 3467 3874 4280 4688 5093 5503 5907 6314 6722 7132 7538 7943 8349 8755 9162 9571 9977
25 210 618 1026 1436 1840 2246 2654 3062 3468 3875 4281 4689 5094 5504 5908 6315 6723 7133 7539 7944 8350 8756 9163 9572 9978
25 211 619 1027 1437 1841 2248 2655 3063 3469 3876 4282 4690 5095 5505 5909 6316 6724 7134 7540 7945 8351 8757 9164 9573 9979
25 212 620 1028 1438 1842 2249 2656 3064 3470 3877 4283 4691 5096 5506 5910 6317 6725 7135 7541 7946 8352 8758 9165 9574 9980
25 213 621 1029 1439 1843 2250 2657 3065 3471 3878 4284 4692 5097 5507 5911 6318 6726 7136 7542 7947 8353 8759 9166 9575 9981
25 214 622 1030 1440 1844 2251 2658 3066 3472 3879 4285 4693 5098 5508 5912 6319 6727 7137 7543 7948 8354 8760 9167 9576 9982
25 215 623 1031 1441 1845 2252 2659 3067 3473 3880 4286 4694 5099 5509 5913 6320 6728 7138 7544 7949 8355 8761 9168 9577 9983
25 216 624 1032 1442 1846 2253 2660 3068 3474 3881 4287 4695 5100 5510 5914 6321 6729 7139 7545 7950 8356 8762 9169 9578 9984
25 217 625 1033 1443 1847 2254 2661 3069 3475 3882 4288 4696 5101 5511 5915 6322 6730 7140 7546 7951 8357 8763 9170 9579 9985
25 218 626 1034 1444 1848 2255 2662 3070 3476 3883 4289 4697 5102 5512 5916 6323 6731 7141 7547 7952 8358 8764 9171 9580 9986
25 219 627 1035 1445 1849 2256 2663 3071 3477 3884 4290 4698 5103 5513 5917 6324 6732 7142 7548 7953 8359 8765 9172 9581 9987
25 220 628 1036 1446 1850 2257 2664 3072 3478 3885 4291 4699 5104 5514 5918 6325 6733 7143 7549 7954 8360 8766 9173 9582 9988
25 221 629 1037 1447 1851 2258 2665 3073 3479 3886 4292 4700 5105 5515 5919 6326 6734 7144 7550 7955 8361 8767 9174 9583 9989
25 222 630 1038 1448 1852 2259 2666 3074 3480 3887 4293 4701 5106 5516 5920 6327 6735 7145 7551 7957 8362 8768 9175 9584 9990
25 223 631 1039 1449 1853 2260 2667 3075 3481 3888 4294 4702 5107 5517 5921 6328 6736 7146 7552 7958 8363 8769 9176 9585 9991
25 224 632 1040 1450 1854 2261 2668 3076 3482 3889 4295 4703 5108 5518 5922 6329 6737 7147 7553 7959 8364 8770 9177 9586 9992
25 225 633 1041 1451 1855 2262 2669 3077 3483 3890 4296 4704 5109 5519 5923 6330 6738 7148 7554 7960 8365 8771 9178 9587 9993
25 226 634 1042 1452 1856 2263 2670 3078 3484 3891 4297 4705 5110 5520 5924 6331 6739 7149 7555 7961 8366 8772 9179 9588 9994
25 227 635 1043 1453 1857 2264 2671 3079 3485 3892 4298 4706 5111 5521 5925 6332 6740 7150 7556 7962 8367 8774 9180 9589 9995
25 228 636 1044 1454 1858 2265 2672 3080 3486 3893 4299 4707 5112 5522 5926 6333 6741 7151 7557 7963 8368 8775 9181 9590 9996
25 229 637 1045 1455 1859 2266 2673 3081 3487 3894 4300 4708 5113 5523 5927 6334 6742 7152 7558 7964 8369 8776 9182 9591 9997
25 230 638 1046 1456 1860 2267 2674 3082 3488 3895 4301 4709 5114 5524 5928 6335 6743 7153 7559 7966 8370 8777 9183 9592 9998
25 231 639 1047 1457 1861 2268 2675 3083 3489 3896 4302 4710 5115 5525 5929 6336 6744 7154 7560 7967 8371 8778 9184 9593 9999
