29 6198 229 584 936 1289 1641 9475 2350 2707 3070 3427 3781 4134 4485 4836 5188 5543 5899 6255 6609 6964 7317 7672 8027 8381 8734 9088 9442 9796
29 8103 230 585 937 1290 1642 1996 2351 2708 3071 3428 3782 4135 4486 4837 5189 5544 5900 6256 6610 6965 7319 7673 8028 8382 8735 9089 9443 9797
29 6599 231 586 938 1291 1643 1997 2352 2709 3072 3429 3783 4136 4487 4838 5190 5545 5901 6257 6611 6966 7321 7674 8029 8383 8736 9090 9444 9798
29 6440 232 587 939 1292 1644 1998 2353 2710 3073 3430 3784 4137 4488 4839 5191 5546 5902 6258 6612 6967 7322 7675 8030 8384 8737 9091 9445 9799
29 8450 233 588 940 1293 1645 1999 2354 2711 3074 3431 3785 4138 4489 4840 5192 5547 5903 6259 6614 6968 7323 7676 8031 8385 8738 9092 9446 9800
29 6261 234 589 941 1294 1646 2000 2355 2712 3075 3432 3786 4139 4490 4841 5193 5548 5904 6260 6615 6969 7324 7677 8032 8386 8739 9093 9447 9801
29 2822 235 590 942 1295 1647 2001 2356 2713 3076 3433 3787 4140 4491 4842 5194 5549 5905 6262 6616 6970 7325 7679 8034 8387 8740 9094 9448 9802
29 5876 236 591 943 1296 1648 2002 2357 2714 3077 3434 3788 4141 4492 4843 5195 5550 5906 6263 6617 6971 7326 7680 8035 8388 8741 9095 9449 9803
29 9151 237 592 944 1297 1649 2003 2358 2715 3078 3435 3789 4142 4493 4844 5196 5551 5907 6264 6618 6972 7327 7681 8036 8389 8742 9096 9450 9804
29 9738 238 593 945 1298 1650 2004 2359 2716 3079 3436 3790 4143 4494 4845 5197 5552 5908 6265 6619 6973 7328 7682 8037 8390 8743 9097 9451 9805
29 1134 239 594 946 1299 1651 2005 2360 2717 3080 3437 3791 4144 4495 4846 5198 5553 5909 6266 6620 6974 7329 7683 8038 8391 8744 9098 9452 9806
29 8033 240 595 947 1300 1652 2006 2361 2718 3081 3438 3792 4145 4496 4847 5199 5554 5910 6267 6621 6975 7330 7684 8039 8392 8745 9099 9453 9807
29 2234 241 596 948 1301 1653 2007 2362 2719 3082 3439 3793 4146 4497 4848 5200 5555 5911 6268 6622 6976 7331 7685 8040 8393 8746 9100 9454 9808
29 835 242 597 949 1302 1654 2008 2363 2720 3083 3440 3794 4147 4498 4849 5201 5556 5912 6269 6623 6977 7332 7686 8041 8394 8747 9101 9455 9809
29 9670 243 598 950 1303 1655 2009 2364 2721 3084 3441 3795 4148 4499 4850 5202 5557 5913 6270 6624 6978 7333 7687 8042 8395 8748 9102 9456 9810
29 1959 244 599 951 1304 1656 2010 2365 2722 3085 3442 3796 4149 4500 4851 5203 5558 5914 6271 6625 6979 7334 7688 8043 8396 8749 9103 9457 9811
29 1179 245 600 952 1305 1657 2011 2366 2723 3086 3443 3797 4150 4501 4852 5204 5559 5915 6272 6626 6980 7335 7689 8044 8397 8750 9104 9458 9812
29 7678 246 601 953 1306 1658 2012 2367 2724 3087 3444 3798 4151 4502 4853 5205 5560 5916 6273 6627 6981 7336 7690 8045 8398 8751 9105 9459 9813
29 187 247 602 954 1307 1659 2013 2369 2725 3088 3445 3799 4152 4503 4854 5206 5561 5917 6274 6628 6982 7337 7691 8046 8399 8752 9106 9460 9814
29 3039 248 603 955 1308 1660 2014 2370 2726 3089 3446 3800 4153 4504 4855 5207 5562 5918 6275 6629 6983 7338 7692 8047 8400 8753 9107 9461 9815
29 5266 249 604 956 1309 1661 2015 2371 2727 3090 3447 3801 4154 4505 4856 5208 5563 5919 6276 6630 6984 7339 7693 8048 8401 8754 9108 9462 9816
29 9053 250 605 957 1310 1662 2016 2372 2728 3091 3449 3802 4155 4507 4857 5209 5564 5920 6277 6631 6985 7340 7694 8049 8402 8755 9109 9463 9817
29 2734 251 606 958 1311 1663 2017 2373 2729 3092 3450 3803 4156 4508 4858 5210 5565 5921 6278 6632 6986 7341 7695 8050 8403 8756 9110 9464 9818
29 2603 252 607 959 1312 1664 2018 2374 2730 3093 3451 3804 4157 4509 4859 5211 5566 5922 6279 6633 6987 7342 7696 8051 8404 8757 9111 9465 9819
29 2150 253 608 960 1313 1665 2019 2375 2731 3094 3452 3805 4158 4510 4860 5212 5567 5923 6280 6634 6988 7343 7697 8052 8405 8758 9112 9466 9820
29 2921 254 609 961 1314 1667 2020 2376 2732 3095 3453 3806 4159 4511 4861 5213 5568 5924 6281 6635 6989 7344 7698 8053 8406 8759 9113 9467 9821
29 9058 255 610 962 1315 1668 2021 2377 2733 3096 3454 3807 4160 4512 4862 5214 5569 5925 6282 6636 6990 7345 7699 8054 8407 8760 9114 9468 9823
29 1434 256 611 963 1316 1669 2022 2378 2735 3097 3455 3808 4161 4513 4863 5215 5570 5926 6283 6637 6991 7346 7700 8055 8408 8761 9115 9469 9824
29 7318 257 612 964 1317 1670 2023 2379 2736 3098 3456 3809 4162 4514 4864 5216 5571 5927 6284 6638 6992 7347 7701 8056 8409 8762 9116 9470 9825
29 3448 258 613 965 1318 1671 2024 2380 2737 3099 3457 3810 4163 4515 4865 5217 5572 5928 6285 6639 6993 7348 7702 8057 8410 8763 9117 9471 9826
29 2368 259 614 966 1319 1672 2025 2381 2738 3100 3458 3811 4164 4516 4866 5218 5573 5929 6286 6640 6994 7349 7703 8058 8411 8764 9118 9472 9827
29 2635 260 615 967 1320 1673 2026 2382 2739 3101 3459 3812 4165 4517 4867 5219 5574 5930 6287 6641 6995 7350 7704 8059 8412 8765 9119 9473 9828
29 2922 261 616 968 1321 1674 2027 2383 2740 3102 3460 3813 4166 4518 4868 5220 5575 5931 6288 6642 6996 7351 7705 8060 8413 8766 9120 9474 9829
29 5371 262 617 969 1322 1675 2028 2384 2741 3103 3461 3814 4167 4519 4869 5221 5576 5932 6289 6643 6997 7352 7706 8061 8414 8767 9121 9476 9830
29 5959 263 618 970 1323 1676 2029 2385 2742 3104 3462 3815 4168 4520 4870 5222 5577 5933 6290 6644 6998 7353 7707 8062 8415 8768 9122 9477 9831
29 6056 264 619 971 1324 1677 2030 2386 2743 3105 3463 3816 4169 4521 4871 5223 5578 5934 6291 6645 6999 7354 7708 8063 8416 8769 9123 9478 9833
29 2758 265 620 972 1325 1678 2031 2387 2744 3106 3464 3817 4170 4522 4872 5224 5579 5935 6292 6646 7000 7355 7709 8064 8417 8770 9124 9479 9834
29 3183 266 621 973 1326 1679 2032 2388 2745 3107 3465 3818 4171 4523 4873 5225 5580 5936 6293 6647 7001 7356 7710 8065 8418 8771 9125 9480 9835
29 9822 267 622 974 1327 1680 2033 2389 2746 3108 3466 3819 4173 4524 4874 5226 5581 5937 6294 6648 7002 7357 7711 8066 8419 8772 9126 9481 9836
29 5454 268 623 975 1328 1681 2034 2390 2747 3109 3467 3820 4174 4525 4875 5227 5582 5938 6295 6649 7003 7358 7712 8067 8420 8773 9127 9482 9837
29 2139 269 624 976 1329 1682 2035 2391 2748 3110 3468 3821 4175 4526 4876 5228 5583 5939 6296 6650 7004 7359 7713 8068 8421 8774 9128 9483 9838
29 8725 270 625 977 1330 1683 2036 2392 2749 3111 3469 3822 4176 4527 4877 5229 5584 5940 6297 6651 7005 7360 7714 8069 8422 8775 9129 9484 9839
29 2446 271 626 978 1331 1684 2037 2393 2750 3112 3470 3823 4177 4528 4878 5230 5585 5941 6298 6652 7006 7361 7715 8070 8423 8776 9130 9485 9840
29 389 272 627 979 1332 1685 2038 2394 2751 3113 3471 3824 4178 4529 4879 5231 5586 5942 6299 6653 7007 7362 7716 8071 8424 8777 9131 9486 9841
29 2820 273 628 980 1333 1686 2039 2395 2752 3114 3472 3825 4179 4530 4880 5232 5587 5943 6300 6654 7008 7363 7717 8072 8425 8778 9132 9487 9842
29 8172 274 629 981 1334 1687 2040 2396 2753 3115 3473 3826 4180 4531 4881 5233 5589 5944 6301 6655 7009 7364 7718 8073 8426 8779 9133 9488 9843
29 3060 275 630 982 1335 1688 2041 2397 2754 3116 3474 3827 4181 4532 4882 5234 5590 5945 6302 6656 7010 7365 7719 8074 8427 8780 9134 9489 9844
29 7590 276 631 983 1336 1689 2042 2398 2755 3118 3475 3828 4182 4533 4883 5235 5591 5946 6303 6657 7011 7366 7720 8075 8428 8781 9135 9490 9845
29 7759 277 632 984 1337 1690 2043 2399 2756 3119 3476 3829 4183 4534 4884 5236 5592 5947 6304 6658 7012 7367 7721 8076 8429 8782 9136 9491 9846
29 3190 278 633 985 1338 1691 2044 2400 2757 3120 3477 3830 4184 4535 4885 5237 5593 5948 6305 6659 7013 7368 7722 8077 8430 8783 9137 9492 9847
29 3883 279 634 986 1339 1692 2045 2401 2759 3121 3478 3831 4185 4536 4886 5238 5594 5949 6306 6660 7014 7369 7723 8078 8431 8784 9138 9493 9848
29 4172 280 635 987 1340 1693 2046 2402 2760 3122 3479 3832 4186 4537 4887 5239 5595 5950 6307 6661 7015 7370 7724 8079 8432 8785 9139 9494 9849
29 6933 281 636 988 1341 1694 2047 2403 2761 3123 3480 3833 4187 4538 4888 5240 5596 5951 6308 6662 7016 7371 7725 8080 8433 8786 9140 9495 9850
29 2854 282 637 989 1342 1695 2048 2404 2762 3124 3481 3834 4188 4539 4889 5241 5597 5952 6309 6663 7017 7372 7726 8081 8434 8787 9142 9496 9851
29 2223 283 638 990 1343 1696 2049 2405 2763 3125 3482 3835 4189 4540 4890 5242 5598 5953 6310 6664 7018 7373 7727 8082 8435 8788 9143 9497 9852
29 5260 284 639 991 1344 1697 2050 2406 2764 3126 3483 3836 4190 4541 4891 5243 5599 5955 6311 6665 7019 7374 7728 8083 8436 8789 9144 9498 9853
29 3117 285 640 992 1345 1698 2051 2407 2765 3127 3484 3837 4191 4542 4892 5244 5600 5956 6312 6666 7020 7375 7729 8084 8437 8790 9146 9499 9854
29 691 286 641 993 1346 1699 2052 2408 2766 3128 3485 3838 4192 4543 4893 5245 5601 5957 6313 6667 7021 7376 7730 8085 8438 8791 9147 9500 9855
29 5679 287 642 994 1347 1700 2053 2409 2767 3129 3486 3839 4193 4544 4894 5246 5602 5958 6314 6668 7022 7377 7731 8086 8439 8792 9148 9501 9856
29 8232 288 643 995 1348 1701 2054 2410 2768 3130 3487 3840 4194 4545 4895 5247 5603 5960 6315 6669 7023 7378 7732 8087 8440 8793 9149 9502 9857
29 2849 289 644 996 1349 1702 2055 2411 2769 3131 3488 3841 4195 4546 4896 5248 5605 5961 6316 6670 7024 7379 7733 8088 8441 8794 9150 9503 9858
29 4506 290 645 997 1350 1703 2056 2412 2770 3132 3489 3842 4196 4547 4897 5249 5606 5962 6317 6671 7025 7380 7734 8089 8442 8795 9152 9504 9859
29 6096 291 646 998 1351 1704 2057 2413 2771 3133 3490 3843 4197 4548 4898 5250 5607 5963 6318 6672 7026 7381 7735 8090 8443 8796 9153 9505 9860
29 6781 292 647 999 1352 1705 2058 2414 2773 3134 3491 3844 4198 4549 4899 5251 5608 5964 6319 6673 7027 7382 7736 8091 8444 8797 9154 9506 9862
29 5604 293 648 1000 1353 1706 2059 2415 2774 3135 3492 3845 4199 4550 4900 5252 5609 5965 6320 6674 7028 7383 7737 8092 8445 8798 9155 9507 9863
29 6130 294 649 1001 1354 1707 2060 2416 2775 3136 3493 3846 4200 4551 4901 5253 5610 5966 6321 6675 7029 7384 7738 8093 8446 8799 9156 9508 9864
29 6812 296 650 1002 1355 1708 2061 2417 2776 3137 3494 3847 4201 4552 4902 5254 5611 5967 6322 6676 7030 7385 7739 8094 8447 8800 9157 9509 9865
29 333 297 651 1003 1356 1709 2062 2418 2777 3138 3495 3848 4202 4553 4903 5255 5612 5968 6323 6677 7031 7386 7740 8095 8448 8801 9158 9510 9866
29 1666 298 652 1004 1357 1710 2063 2419 2778 3139 3496 3849 4203 4554 4905 5256 5613 5969 6324 6678 7032 7387 7741 8096 8449 8802 9159 9511 9867
29 5634 299 653 1005 1358 1712 2064 2420 2779 3140 3497 3850 4204 4555 4906 5257 5614 5970 6325 6679 7033 7388 7742 8097 8451 8803 9160 9512 9868
29 8854 300 654 1006 1359 1713 2065 2421 2780 3141 3498 3851 4205 4556 4907 5258 5615 5971 6326 6680 7034 7389 7743 8098 8452 8804 9161 9513 9869
29 9997 301 655 1007 1360 1714 2066 2422 2781 3142 3499 3852 4206 4557 4908 5259 5616 5972 6327 6681 7035 7390 7744 8099 8453 8805 9162 9514 9870
29 8980 302 656 1008 1361 1715 2067 2423 2782 3143 3500 3853 4207 4558 4909 5261 5617 5973 6328 6682 7036 7391 7745 8100 8454 8806 9163 9515 9871
29 9581 303 657 1009 1362 1716 2068 2424 2783 3144 3501 3854 4208 4559 4910 5262 5618 5974 6329 6683 7037 7392 7746 8101 8455 8807 9164 9516 9872
29 1711 304 658 1010 1363 1717 2069 2425 2784 3145 3502 3855 4209 4560 4911 5263 5619 5975 6330 6684 7038 7393 7747 8102 8456 8808 9165 9517 9873
29 9145 305 659 1011 1364 1718 2070 2426 2785 3146 3503 3856 4210 4561 4912 5264 5620 5976 6331 6685 7039 7394 7748 8104 8457 8809 9166 9518 9874
29 7833 307 660 1012 1365 1719 2071 2427 2786 3147 3504 3857 4211 4562 4913 5265 5621 5977 6332 6686 7040 7395 7749 8105 8458 8810 9167 9519 9875
29 3425 308 661 1013 1366 1720 2072 2428 2787 3148 3505 3858 4212 4563 4914 5267 5622 5978 6333 6687 7041 7396 7750 8106 8459 8811 9168 9520 9876
29 9832 309 662 1014 1367 1721 2073 2429 2788 3149 3506 3859 4213 4564 4915 5268 5623 5979 6334 6688 7042 7397 7751 8107 8460 8812 9169 9521 9877
29 5455 310 663 1015 1368 1722 2074 2430 2789 3150 3507 3860 4214 4565 4916 5269 5624 5980 6335 6689 7043 7398 7752 8108 8461 8813 9170 9522 9878
29 7320 311 664 1016 1369 1723 2075 2431 2790 3151 3508 3861 4215 4566 4917 5270 5625 5981 6336 6690 7044 7399 7753 8109 8462 8814 9171 9523 9879
29 9351 312 665 1017 1370 1724 2076 2432 2791 3152 3509 3862 4216 4567 4918 5271 5626 5982 6337 6691 7045 7400 7754 8110 8463 8815 9172 9524 9880
29 1785 313 666 1018 1371 1725 2077 2433 2792 3154 3510 3863 4217 4568 4919 5272 5627 5983 6338 6692 7046 7401 7755 8111 8464 8816 9173 9525 9881
29 3660 314 667 1019 1372 1726 2078 2434 2793 3155 3511 3864 4218 4569 4920 5273 5628 5984 6339 6693 7047 7402 7756 8112 8465 8817 9174 9526 9882
29 2772 315 668 1020 1373 1727 2079 2435 2794 3156 3512 3865 4219 4570 4921 5274 5629 5985 6341 6694 7048 7403 7757 8113 8466 8818 9175 9527 9883
29 2440 316 669 1021 1374 1728 2080 2436 2795 3157 3513 3866 4220 4571 4922 5275 5630 5986 6342 6695 7049 7404 7758 8114 8467 8819 9176 9528 9884
29 6340 317 670 1022 1375 1729 2081 2437 2796 3158 3514 3867 4221 4572 4923 5276 5631 5987 6343 6696 7050 7405 7760 8115 8468 8820 9177 9529 9885
29 9141 318 671 1023 1376 1730 2082 2438 2797 3159 3515 3868 4222 4573 4924 5277 5632 5988 6344 6697 7051 7406 7761 8116 8469 8821 9178 9530 9886
29 493 319 672 1024 1377 1731 2083 2439 2798 3161 3517 3869 4223 4574 4925 5278 5633 5989 6345 6698 7052 7407 7762 8117 8470 8822 9179 9531 9887
29 5588 320 673 1025 1378 1732 2084 2441 2799 3162 3518 3870 4224 4575 4926 5279 5635 5990 6346 6699 7053 7408 7763 8118 8471 8823 9180 9532 9888
29 1408 321 674 1026 1379 1733 2085 2442 2800 3163 3519 3871 4225 4576 4927 5280 5636 5991 6347 6700 7054 7409 7764 8119 8472 8824 9181 9533 9889
29 5831 322 675 1027 1380 1734 2086 2443 2801 3164 3520 3872 4226 4577 4928 5281 5637 5992 6348 6701 7055 7410 7765 8120 8473 8825 9182 9534 9890
29 1111 323 676 1028 1381 1735 2087 2444 2802 3165 3521 3873 4227 4578 4929 5282 5638 5993 6349 6702 7056 7411 7766 8121 8474 8826 9183 9535 9891
29 2098 324 677 1029 1382 1736 2088 2445 2803 3166 3522 3874 4228 4579 4930 5283 5639 5994 6350 6703 7057 7412 7767 8122 8475 8827 9184 9536 9892
29 4904 325 678 1030 1383 1737 2089 2447 2804 3167 3523 3875 4229 4580 4931 5284 5640 5995 6351 6704 7058 7413 7768 8123 8476 8828 9185 9537 9893
29 7851 326 679 1031 1384 1738 2090 2448 2805 3168 3524 3876 4230 4581 4932 5285 5641 5996 6352 6705 7059 7414 7769 8124 8477 8829 9186 9538 9894
29 2600 327 680 1032 1385 1739 2091 2449 2806 3169 3525 3877 4231 4582 4933 5286 5642 5997 6353 6706 7060 7415 7770 8125 8478 8830 9187 9539 9895
29 7080 328 681 1033 1386 1740 2092 2450 2807 3170 3526 3878 4232 4583 4934 5287 5643 5998 6354 6707 7061 7416 7771 8126 8479 8831 9188 9540 9896
29 3592 329 682 1034 1387 1741 2093 2451 2808 3171 3527 3879 4233 4584 4935 5288 5644 5999 6355 6708 7062 7417 7772 8127 8480 8832 9189 9541 9897
29 4115 330 683 1035 1388 1742 2094 2452 2809 3172 3528 3880 4234 4585 4936 5289 5645 6000 6356 6709 7063 7419 7773 8128 8481 8833 9190 9542 9898
29 5954 331 684 1036 1389 1743 2095 2453 2810 3173 3529 3881 4235 4586 4937 5290 5646 6001 6357 6710 7064 7420 7774 8129 8482 8834 9191 9543 9899
29 7643 332 685 1037 1390 1744 2096 2454 2811 3174 3530 3882 4236 4587 4938 5291 5647 6002 6358 6711 7065 7421 7775 8130 8483 8835 9192 9544 9900
29 8019 334 686 1038 1391 1745 2097 2455 2812 3175 3531 3884 4237 4588 4939 5292 5648 6003 6359 6712 7066 7422 7776 8131 8484 8836 9193 9545 9901
29 8544 335 687 1039 1392 1746 2099 2456 2813 3176 3532 3885 4238 4589 4940 5293 5649 6004 6360 6713 7067 7423 7777 8132 8485 8837 9194 9546 9902
29 4967 336 688 1040 1393 1747 2100 2457 2814 3177 3533 3886 4239 4590 4941 5294 5650 6005 6361 6714 7068 7424 7778 8133 8486 8838 9195 9547 9903
29 2586 337 689 1041 1394 1748 2101 2458 2815 3178 3534 3887 4240 4591 4942 5295 5651 6006 6362 6715 7069 7425 7779 8134 8487 8839 9196 9548 9904
29 9861 338 690 1042 1395 1749 2102 2459 2816 3179 3535 3888 4241 4592 4943 5296 5652 6007 6363 6716 7070 7426 7780 8135 8488 8840 9197 9549 9905
29 7245 339 692 1043 1396 1750 2103 2460 2817 3180 3536 3889 4242 4593 4944 5297 5653 6008 6364 6717 7071 7427 7781 8136 8489 8841 9198 9550 9906
29 3516 340 693 1044 1397 1751 2104 2461 2818 3181 3537 3890 4243 4594 4945 5298 5654 6009 6365 6718 7072 7428 7782 8137 8490 8842 9199 9551 9907
29 7136 341 694 1045 1398 1752 2105 2462 2819 3182 3538 3891 4244 4595 4946 5299 5655 6010 6366 6719 7073 7429 7783 8138 8491 8843 9200 9552 9908
29 4114 342 695 1046 1399 1753 2106 2463 2821 3184 3539 3892 4245 4596 4947 5300 5656 6011 6367 6720 7074 7430 7784 8139 8492 8844 9201 9553 9909
29 6613 343 696 1047 1400 1754 2107 2464 2823 3185 3540 3893 4246 4597 4948 5301 5657 6012 6368 6721 7075 7431 7785 8140 8493 8845 9202 9554 9910
29 6885 344 697 1048 1401 1755 2108 2465 2824 3186 3541 3894 4247 4598 4949 5302 5658 6013 6369 6722 7076 7432 7786 8141 8494 8846 9203 9555 9911
29 1808 345 698 1049 1402 1756 2109 2466 2825 3187 3542 3895 4248 4599 4950 5303 5659 6014 6370 6723 7077 7433 7787 8142 8495 8847 9204 9556 9912
29 3249 346 699 1050 1403 1757 2110 2467 2826 3188 3543 3896 4249 4600 4951 5304 5660 6015 6371 6724 7078 7434 7788 8143 8496 8848 9205 9557 9913
29 295 347 700 1051 1404 1758 2111 2468 2827 3189 3544 3897 4250 4601 4952 5305 5661 6016 6372 6725 7079 7435 7789 8144 8497 8849 9206 9558 9914
29 42 348 701 1052 1405 1759 2112 2469 2828 3191 3545 3898 4251 4602 4953 5306 5662 6017 6373 6726 7081 7436 7790 8145 8498 8850 9207 9559 9915
29 3160 349 702 1053 1406 1760 2113 2470 2829 3192 3546 3899 4252 4603 4954 5307 5663 6018 6374 6727 7082 7437 7791 8146 8499 8851 9208 9560 9916
29 7418 350 703 1054 1407 1761 2114 2471 2830 3193 3547 3900 4253 4604 4955 5308 5664 6019 6375 6728 7083 7438 7792 8147 8500 8852 9209 9561 9917
29 306 351 704 1055 1409 1762 2115 2472 2831 3194 3548 3901 4254 4605 4956 5309 5665 6020 6376 6729 7084 7439 7793 8148 8501 8853 9210 9562 9918
29 2863 352 705 1056 1410 1763 2116 2473 2832 3195 3549 3902 4255 4606 4957 5310 5666 6021 6377 6730 7085 7440 7794 8149 8502 8855 9211 9563 9919
29 3042 353 706 1057 1411 1764 2117 2474 2833 3196 3550 3903 4256 4607 4958 5311 5667 6022 6378 6731 7086 7441 7795 8150 8503 8856 9212 9564 9920
29 3153 354 707 1058 1412 1765 2118 2475 2834 3197 3551 3904 4257 4608 4959 5312 5668 6023 6379 6732 7087 7442 7796 8151 8504 8857 9213 9565 9921
29 0 355 708 1059 1413 1766 2119 2476 2835 3198 3552 3905 4258 4609 4960 5313 5669 6024 6380 6733 7088 7443 7797 8152 8505 8858 9214 9566 9922
29 1 356 709 1060 1414 1767 2120 2477 2836 3199 3553 3906 4259 4610 4961 5314 5670 6025 6381 6734 7089 7444 7798 8153 8506 8859 9215 9567 9923
29 2 357 710 1061 1415 1768 2121 2478 2837 3200 3554 3907 4260 4611 4962 5315 5671 6026 6382 6735 7090 7445 7799 8154 8507 8860 9216 9568 9924
29 3 358 711 1062 1416 1769 2122 2479 2838 3201 3555 3908 4261 4612 4963 5316 5672 6027 6383 6736 7091 7446 7800 8155 8508 8861 9217 9569 9925
29 4 359 712 1063 1417 1770 2123 2480 2839 3202 3556 3909 4262 4613 4964 5317 5673 6028 6384 6737 7092 7447 7801 8156 8509 8862 9218 9570 9926
29 5 360 713 1064 1418 1771 2124 2481 2840 3203 3557 3910 4263 4614 4965 5318 5674 6029 6385 6738 7093 7448 7802 8157 8510 8863 9219 9571 9927
29 6 361 714 1065 1419 1772 2125 2482 2841 3204 3558 3911 4264 4615 4966 5319 5675 6030 6386 6739 7094 7449 7803 8158 8511 8864 9220 9572 9928
29 7 362 715 1066 1420 1773 2126 2483 2842 3205 3559 3912 4265 4616 4968 5320 5676 6031 6387 6740 7095 7450 7804 8159 8512 8865 9221 9573 9929
29 8 363 716 1067 1421 1774 2127 2484 2843 3206 3560 3913 4266 4617 4969 5321 5677 6032 6388 6741 7096 7451 7805 8160 8513 8866 9222 9574 9930
29 9 364 717 1068 1422 1775 2128 2485 2844 3207 3561 3914 4267 4618 4970 5322 5678 6033 6389 6742 7097 7452 7806 8161 8514 8867 9223 9575 9931
29 10 365 718 1069 1423 1776 2129 2486 2845 3208 3562 3915 4268 4619 4971 5323 5680 6034 6390 6743 7098 7453 7807 8162 8515 8868 9224 9576 9932
29 11 366 719 1070 1424 1777 2130 2487 2846 3209 3563 3916 4269 4620 4972 5324 5681 6035 6391 6744 7099 7454 7808 8163 8516 8869 9225 9577 9933
29 12 367 720 1071 1425 1778 2131 2488 2847 3210 3564 3917 4270 4621 4973 5325 5682 6036 6392 6745 7100 7455 7809 8164 8517 8870 9226 9578 9934
29 13 368 721 1072 1426 1779 2132 2489 2848 3211 3565 3918 4271 4622 4974 5326 5683 6037 6393 6746 7101 7456 7810 8165 8518 8871 9227 9579 9935
29 14 369 722 1073 1427 1780 2133 2490 2850 3212 3566 3919 4272 4623 4975 5327 5684 6038 6394 6747 7102 7457 7811 8166 8519 8872 9228 9580 9936
29 15 370 723 1074 1428 1781 2134 2491 2851 3213 3567 3920 4273 4624 4976 5328 5685 6039 6395 6748 7103 7458 7812 8167 8520 8873 9229 9582 9937
29 16 371 724 1075 1429 1782 2135 2492 2852 3214 3568 3921 4274 4625 4977 5329 5686 6040 6396 6749 7104 7459 7813 8168 8521 8874 9230 9583 9938
29 17 372 725 1076 1430 1783 2136 2493 2853 3215 3569 3922 4275 4626 4978 5330 5687 6041 6397 6750 7105 7460 7814 8169 8522 8875 9231 9584 9939
29 18 373 726 1077 1431 1784 2137 2494 2855 3216 3570 3923 4276 4627 4979 5331 5688 6042 6398 6751 7106 7461 7815 8170 8523 8876 9232 9585 9940
29 19 374 727 1078 1432 1786 2138 2495 2856 3217 3571 3924 4277 4628 4980 5332 5689 6043 6399 6752 7107 7462 7816 8171 8524 8877 9233 9586 9941
29 20 375 728 1079 1433 1787 2140 2496 2857 3218 3572 3925 4278 4629 4981 5333 5690 6044 6400 6753 7108 7463 7817 8173 8525 8878 9234 9587 9942
29 21 376 729 1080 1435 1788 2141 2497 2858 3219 3573 3926 4279 4630 4982 5334 5691 6045 6401 6754 7109 7464 7818 8174 8526 8879 9235 9588 9943
29 22 377 730 1081 1436 1789 2142 2498 2859 3220 3574 3927 4280 4631 4983 5335 5692 6046 6402 6755 7110 7465 7819 8175 8527 8880 9236 9589 9944
29 23 378 731 1082 1437 1790 2143 2499 2860 3221 3575 3928 4281 4632 4984 5336 5693 6047 6403 6756 7111 7466 7820 8176 8528 8881 9237 9590 9945
29 24 379 732 1083 1438 1791 2144 2500 2861 3222 3576 3929 4282 4633 4985 5337 5694 6048 6404 6757 7112 7467 7821 8177 8529 8882 9238 9591 9946
29 25 380 733 1084 1439 1792 2145 2501 2862 3223 3577 3930 4283 4634 4986 5338 5695 6049 6405 6758 7113 7468 7822 8178 8530 8883 9239 9592 9947
29 26 381 734 1085 1440 1793 2146 2502 2864 3224 3578 3931 4284 4635 4987 5339 5696 6050 6406 6759 7114 7469 7823 8179 8531 8884 9240 9593 9948
29 27 382 735 1086 1441 1794 2147 2503 2865 3225 3579 3932 4285 4636 4988 5340 5697 6051 6407 6760 7115 7470 7824 8180 8532 8885 9241 9594 9949
29 28 383 736 1087 1442 1795 2148 2504 2866 3226 3580 3933 4286 4637 4989 5341 5698 6052 6408 6761 7116 7471 7825 8181 8533 8886 9242 9595 9950
29 29 384 737 1088 1443 1796 2149 2505 2867 3227 3581 3934 4287 4638 4990 5342 5699 6053 6409 6762 7117 7472 7826 8182 8534 8887 9243 9596 9951
29 30 385 738 1089 1444 1797 2151 2506 2868 3228 3582 3935 4288 4639 4991 5343 5700 6054 6410 6763 7118 7473 7827 8183 8535 8888 9244 9597 9952
29 31 386 739 1090 1445 1798 2152 2507 2869 3229 3583 3936 4289 4640 4992 5344 5701 6055 6411 6764 7119 7474 7828 8184 8536 8889 9245 9598 9953
29 32 387 740 1091 1446 1799 2153 2508 2870 3230 3584 3937 4290 4641 4993 5345 5702 6057 6412 6765 7120 7475 7829 8185 8537 8890 9246 9599 9954
29 33 388 741 1092 1447 1800 2154 2509 2871 3231 3585 3938 4291 4642 4994 5346 5703 6058 6413 6766 7121 7476 7830 8186 8538 8891 9247 9600 9955
29 34 390 742 1093 1448 1801 2155 2510 2872 3232 3586 3939 4292 4643 4995 5347 5704 6059 6414 6767 7122 7477 7831 8187 8539 8892 9248 9601 9956
29 35 391 743 1094 1449 1802 2156 2511 2873 3233 3587 3940 4293 4644 4996 5348 5705 6060 6415 6768 7123 7478 7832 8188 8540 8893 9249 9602 9957
29 36 392 744 1095 1450 1803 2157 2512 2874 3234 3588 3941 4294 4645 4997 5349 5706 6061 6416 6769 7124 7479 7834 8189 8541 8894 9250 9603 9958
29 37 393 745 1096 1451 1804 2158 2513 2875 3235 3589 3942 4295 4646 4998 5350 5707 6062 6417 6770 7125 7480 7835 8190 8542 8895 9251 9604 9959
29 38 394 746 1097 1452 1805 2159 2514 2876 3236 3590 3943 4296 4647 4999 5351 5708 6063 6418 6771 7126 7481 7836 8191 8543 8896 9252 9605 9960
29 39 395 747 1098 1453 1806 2160 2515 2877 3237 3591 3944 4297 4648 5000 5352 5709 6064 6419 6772 7127 7482 7837 8192 8545 8897 9253 9606 9961
29 40 396 748 1099 1454 1807 2161 2516 2878 3238 3593 3945 4298 4649 5001 5353 5710 6065 6420 6773 7128 7483 7838 8193 8546 8898 9254 9607 9962
29 41 397 749 1100 1455 1809 2162 2517 2879 3239 3594 3946 4299 4650 5002 5354 5711 6066 6421 6774 7129 7484 7839 8194 8547 8899 9255 9608 9963
29 43 398 750 1101 1456 1810 2163 2518 2880 3240 3595 3947 4300 4651 5003 5355 5712 6067 6422 6775 7130 7485 7840 8195 8548 8900 9256 9609 9964
29 44 399 751 1102 1457 1811 2164 2519 2881 3241 3596 3948 4301 4652 5004 5356 5713 6068 6423 6776 7131 7486 7841 8196 8549 8901 9257 9610 9965
29 45 400 752 1103 1458 1812 2165 2520 2882 3242 3597 3949 4302 4653 5005 5357 5714 6069 6424 6777 7132 7487 7842 8197 8550 8902 9258 9611 9966
29 46 401 753 1104 1459 1813 2166 2521 2883 3243 3598 3950 4303 4654 5006 5358 5715 6070 6425 6778 7133 7488 7843 8198 8551 8903 9259 9612 9967
29 47 402 754 1105 1460 1814 2167 2522 2884 3244 3599 3951 4304 4655 5007 5359 5716 6071 6426 6779 7134 7489 7844 8199 8552 8904 9260 9613 9968
29 48 403 755 1106 1461 1815 2168 2523 2885 3245 3600 3952 4305 4656 5008 5360 5717 6072 6427 6780 7135 7490 7845 8200 8553 8905 9261 9614 9969
29 49 404 756 1107 1462 1816 2169 2524 2886 3246 3601 3953 4306 4657 5009 5361 5718 6073 6428 6782 7137 7491 7846 8201 8554 8906 9262 9615 9970
29 50 405 757 1108 1463 1817 2170 2525 2887 3247 3602 3954 4307 4658 5010 5362 5719 6074 6429 6783 7138 7492 7847 8202 8555 8907 9263 9616 9971
29 51 406 758 1109 1464 1818 2171 2526 2888 3248 3603 3955 4308 4659 5011 5363 5720 6075 6430 6784 7139 7493 7848 8203 8556 8908 9264 9617 9972
29 52 407 759 1110 1465 1819 2172 2527 2889 3250 3604 3956 4309 4660 5012 5364 5721 6076 6431 6785 7140 7494 7849 8204 8557 8909 9265 9618 9973
29 53 408 760 1112 1466 1820 2173 2528 2890 3251 3605 3957 4310 4661 5013 5365 5722 6077 6432 6786 7141 7495 7850 8205 8558 8910 9266 9619 9974
29 54 409 761 1113 1467 1821 2174 2529 2891 3252 3606 3958 4311 4662 5014 5366 5723 6078 6433 6787 7142 7496 7852 8206 8559 8911 9267 9620 9975
29 55 410 762 1114 1468 1822 2175 2530 2892 3253 3607 3959 4312 4663 5015 5367 5724 6079 6434 6788 7143 7497 7853 8207 8560 8912 9268 9621 9976
29 56 411 763 1115 1469 1823 2176 2531 2893 3254 3608 3960 4313 4664 5016 5368 5725 6080 6435 6789 7144 7498 7854 8208 8561 8913 9269 9622 9977
29 57 412 764 1116 1470 1824 2177 2532 2894 3255 3609 3961 4314 4665 5017 5369 5726 6081 6436 6790 7145 7499 7855 8209 8562 8914 9270 9623 9978
29 58 413 765 1117 1471 1825 2178 2533 2895 3256 3610 3962 4315 4666 5018 5370 5727 6082 6437 6791 7146 7500 7856 8210 8563 8915 9271 9624 9979
29 59 414 766 1118 1472 1826 2179 2534 2896 3257 3611 3963 4316 4667 5019 5372 5728 6083 6438 6792 7147 7501 7857 8211 8564 8916 9272 9625 9980
29 60 415 767 1119 1473 1827 2180 2535 2897 3258 3612 3964 4317 4668 5020 5373 5729 6084 6439 6793 7148 7502 7858 8212 8565 8917 9273 9626 9981
29 61 416 768 1120 1474 1828 2181 2536 2898 3259 3613 3965 4318 4669 5021 5374 5730 6085 6441 6794 7149 7503 7859 8213 8566 8918 9274 9627 9982
29 62 417 769 1121 1475 1829 2182 2537 2899 3260 3614 3966 4319 4670 5022 5375 5731 6086 6442 6795 7150 7504 7860 8214 8567 8919 9275 9628 9983
29 63 418 770 1122 1476 1830 2183 2538 2900 3261 3615 3967 4320 4671 5023 5376 5732 6087 6443 6796 7151 7505 7861 8215 8568 8920 9276 9629 9984
29 64 419 771 1123 1477 1831 2184 2539 2901 3262 3616 3968 4321 4672 5024 5377 5733 6088 6444 6797 7152 7506 7862 8216 8569 8921 9277 9630 9985
29 65 420 772 1124 1478 1832 2185 2540 2902 3263 3617 3969 4322 4673 5025 5378 5734 6089 6445 6798 7153 7507 7863 8217 8570 8922 9278 9631 9986
29 66 421 773 1125 1479 1833 2186 2541 2903 3264 3618 3970 4323 4674 5026 5379 5735 6090 6446 6799 7154 7508 7864 8218 8571 8923 9279 9632 9987
29 67 422 774 1126 1480 1834 2187 2542 2904 3265 3619 3971 4324 4675 5027 5380 5736 6091 6447 6800 7155 7509 7865 8219 8572 8924 9280 9633 9988
29 68 423 775 1127 1481 1835 2188 2543 2905 3266 3620 3972 4325 4676 5028 5381 5737 6092 6448 6801 7156 7510 7866 8220 8573 8925 9281 9634 9989
29 69 424 776 1128 1482 1836 2189 2544 2906 3267 3621 3973 4326 4677 5029 5382 5738 6093 6449 6802 7157 7511 7867 8221 8574 8926 9282 9635 9990
29 70 425 777 1129 1483 1837 2190 2545 2907 3268 3622 3974 4327 4678 5030 5383 5739 6094 6450 6803 7158 7512 7868 8222 8575 8927 9283 9636 9991
29 71 426 778 1130 1484 1838 2191 2546 2908 3269 3623 3975 4328 4679 5031 5384 5740 6095 6451 6804 7159 7513 7869 8223 8576 8928 9284 9637 9992
29 72 427 779 1131 1485 1839 2192 2547 2909 3270 3624 3976 4329 4680 5032 5385 5741 6097 6452 6805 7160 7514 7870 8224 8577 8929 9285 9638 9993
29 73 428 780 1132 1486 1840 2193 2548 2910 3271 3625 3977 4330 4681 5033 5386 5742 6098 6453 6806 7161 7515 7871 8225 8578 8930 9286 9639 9994
29 74 429 781 1133 1487 1841 2194 2549 2911 3272 3626 3978 4331 4682 5034 5387 5743 6099 6454 6807 7162 7516 7872 8226 8579 8931 9287 9640 9995
29 75 430 782 1135 1488 1842 2195 2550 2912 3273 3627 3979 4332 4683 5035 5388 5744 6100 6455 6808 7163 7517 7873 8227 8580 8932 9288 9641 9996
29 76 431 783 1136 1489 1843 2196 2551 2913 3274 3628 3980 4333 4684 5036 5389 5745 6101 6456 6809 7164 7518 7874 8228 8581 8933 9289 9642 9998
29 77 432 784 1137 1490 1844 2197 2552 2914 3275 3629 3981 4334 4685 5037 5390 5746 6102 6457 6810 7165 7519 7875 8229 8582 8934 9290 9643 9999
28 78 433 785 1138 1491 1845 2198 2553 2915 3276 3630 3982 4335 4686 5038 5391 5747 6103 6458 6811 7166 7520 7876 8230 8583 8935 9291 9644
28 79 434 786 1139 1492 1846 2199 2554 2916 3277 3631 3983 4336 4687 5039 5392 5748 6104 6459 6813 7167 7521 7877 8231 8584 8936 9292 9645
28 80 435 787 1140 1493 1847 2200 2555 2917 3278 3632 3984 4337 4688 5040 5393 5749 6105 6460 6814 7168 7522 7878 8233 8585 8937 9293 9646
28 81 436 788 1141 1494 1848 2201 2556 2918 3279 3633 3985 4338 4689 5041 5394 5750 6106 6461 6815 7169 7523 7879 8234 8586 8938 9294 9647
28 82 437 789 1142 1495 1849 2202 2557 2919 3280 3634 3986 4339 4690 5042 5395 5751 6107 6462 6816 7170 7524 7880 8235 8587 8939 9295 9648
28 83 438 790 1143 1496 1850 2203 2558 2920 3281 3635 3987 4340 4691 5043 5396 5752 6108 6463 6817 7171 7525 7881 8236 8588 8940 9296 9649
28 84 439 791 1144 1497 1851 2204 2559 2923 3282 3636 3988 4341 4692 5044 5397 5753 6109 6464 6818 7172 7526 7882 8237 8589 8941 9297 9650
28 85 440 792 1145 1498 1852 2205 2560 2924 3283 3637 3989 4342 4693 5045 5398 5754 6110 6465 6819 7173 7527 7883 8238 8590 8942 9298 9651
28 86 441 793 1146 1499 1853 2206 2561 2925 3284 3638 3990 4343 4694 5046 5399 5755 6111 6466 6820 7174 7528 7884 8239 8591 8943 9299 9652
28 87 442 794 1147 1500 1854 2207 2562 2926 3285 3639 3991 4344 4695 5047 5400 5756 6112 6467 6821 7175 7529 7885 8240 8592 8944 9300 9653
28 88 443 795 1148 1501 1855 2208 2563 2927 3286 3640 3992 4345 4696 5048 5401 5757 6113 6468 6822 7176 7530 7886 8241 8593 8945 9301 9654
28 89 444 796 1149 1502 1856 2209 2564 2928 3287 3641 3993 4346 4697 5049 5402 5758 6114 6469 6823 7177 7531 7887 8242 8594 8946 9302 9655
28 90 445 797 1150 1503 1857 2210 2565 2929 3288 3642 3994 4347 4698 5050 5403 5759 6115 6470 6824 7178 7532 7888 8243 8595 8947 9303 9656
28 91 446 798 1151 1504 1858 2211 2566 2930 3289 3643 3995 4348 4699 5051 5404 5760 6116 6471 6825 7179 7533 7889 8244 8596 8948 9304 9657
28 92 447 799 1152 1505 1859 2212 2567 2931 3290 3644 3996 4349 4700 5052 5405 5761 6117 6472 6826 7180 7534 7890 8245 8597 8949 9305 9658
28 93 448 800 1153 1506 1860 2213 2568 2932 3291 3645 3997 4350 4701 5053 5406 5762 6118 6473 6827 7181 7535 7891 8246 8598 8950 9306 9659
28 94 449 801 1154 1507 1861 2214 2569 2933 3292 3646 3998 4351 4702 5054 5407 5763 6119 6474 6828 7182 7536 7892 8247 8599 8951 9307 9660
28 95 450 802 1155 1508 1862 2215 2570 2934 3293 3647 3999 4352 4703 5055 5408 5764 6120 6475 6829 7183 7537 7893 8248 8600 8952 9308 9661
28 96 451 803 1156 1509 1863 2216 2571 2935 3294 3648 4000 4353 4704 5056 5409 5765 6121 6476 6830 7184 7538 7894 8249 8601 8953 9309 9662
28 97 452 804 1157 1510 1864 2217 2572 2936 3295 3649 4001 4354 4705 5057 5410 5766 6122 6477 6831 7185 7539 7895 8250 8602 8954 9310 9663
28 98 453 805 1158 1511 1865 2218 2573 2937 3296 3650 4002 4355 4706 5058 5411 5767 6123 6478 6832 7186 7540 7896 8251 8603 8955 9311 9664
28 99 454 806 1159 1512 1866 2219 2574 2938 3297 3651 4003 4356 4707 5059 5412 5768 6124 6479 6833 7187 7541 7897 8252 8604 8956 9312 9665
28 100 455 807 1160 1513 1867 2220 2575 2939 3298 3652 4004 4357 4708 5060 5413 5769 6125 6480 6834 7188 7542 7898 8253 8605 8957 9313 9666
28 101 456 808 1161 1514 1868 2221 2576 2940 3299 3653 4005 4358 4709 5061 5414 5770 6126 6481 6835 7189 7543 7899 8254 8606 8958 9314 9667
28 102 457 809 1162 1515 1869 2222 2577 2941 3300 3654 4006 4359 4710 5062 5415 5771 6127 6482 6836 7190 7544 7900 8255 8607 8959 9315 9668
28 103 458 810 1163 1516 1870 2224 2578 2942 3301 3655 4007 4360 4711 5063 5416 5772 6128 6483 6837 7191 7545 7901 8256 8608 8960 9316 9669
28 104 459 811 1164 1517 1871 2225 2579 2943 3302 3656 4008 4361 4712 5064 5417 5773 6129 6484 6838 7192 7546 7902 8257 8609 8961 9317 9671
28 105 460 812 1165 1518 1872 2226 2580 2944 3303 3657 4009 4362 4713 5065 5418 5774 6131 6485 6839 7193 7547 7903 8258 8610 8962 9318 9672
28 106 461 813 1166 1519 1873 2227 2581 2945 3304 3658 4010 4363 4714 5066 5419 5775 6132 6486 6840 7194 7548 7904 8259 8611 8963 9319 9673
28 107 462 814 1167 1520 1874 2228 2582 2946 3305 3659 4011 4364 4715 5067 5420 5776 6133 6487 6841 7195 7549 7905 8260 8612 8964 9320 9674
28 108 463 815 1168 1521 1875 2229 2583 2947 3306 3661 4012 4365 4716 5068 5421 5777 6134 6488 6842 7196 7550 7906 8261 8613 8965 9321 9675
28 109 464 816 1169 1522 1876 2230 2584 2948 3307 3662 4013 4366 4717 5069 5422 5778 6135 6489 6843 7197 7551 7907 8262 8614 8966 9322 9676
28 110 465 817 1170 1523 1877 2231 2585 2949 3308 3663 4014 4367 4718 5070 5423 5779 6136 6490 6844 7198 7552 7908 8263 8615 8967 9323 9677
28 111 466 818 1171 1524 1878 2232 2587 2950 3309 3664 4015 4368 4719 5071 5424 5780 6137 6491 6845 7199 7553 7909 8264 8616 8968 9324 9678
28 112 467 819 1172 1525 1879 2233 2588 2951 3310 3665 4016 4369 4720 5072 5425 5781 6138 6492 6846 7200 7554 7910 8265 8617 8969 9325 9679
28 113 468 820 1173 1526 1880 2235 2589 2952 3311 3666 4017 4370 4721 5073 5426 5782 6139 6493 6847 7201 7555 7911 8266 8618 8970 9326 9680
28 114 469 821 1174 1527 1881 2236 2590 2953 3312 3667 4018 4371 4722 5074 5427 5783 6140 6494 6848 7202 7556 7912 8267 8619 8971 9327 9681
28 115 470 822 1175 1528 1882 2237 2591 2954 3313 3668 4019 4372 4723 5075 5428 5784 6141 6495 6849 7203 7557 7913 8268 8620 8972 9328 9682
28 116 471 823 1176 1529 1883 2238 2592 2955 3314 3669 4020 4373 4724 5076 5429 5785 6142 6496 6850 7204 7558 7914 8269 8621 8973 9329 9683
28 117 472 824 1177 1530 1884 2239 2593 2956 3315 3670 4021 4374 4725 5077 5430 5786 6143 6497 6851 7205 7559 7915 8270 8622 8974 9330 9684
28 118 473 825 1178 1531 1885 2240 2594 2957 3316 3671 4022 4375 4726 5078 5431 5787 6144 6498 6852 7206 7560 7916 8271 8623 8975 9331 9685
28 119 474 826 1180 1532 1886 2241 2595 2958 3317 3672 4023 4376 4727 5079 5432 5788 6145 6499 6853 7207 7561 7917 8272 8624 8976 9332 9686
28 120 475 827 1181 1533 1887 2242 2596 2959 3318 3673 4024 4377 4728 5080 5433 5789 6146 6500 6854 7208 7562 7918 8273 8625 8977 9333 9687
28 121 476 828 1182 1534 1888 2243 2597 2960 3319 3674 4025 4378 4729 5081 5434 5790 6147 6501 6855 7209 7563 7919 8274 8626 8978 9334 9688
28 122 477 829 1183 1535 1889 2244 2598 2961 3320 3675 4026 4379 4730 5082 5435 5791 6148 6502 6856 7210 7564 7920 8275 8627 8979 9335 9689
28 123 478 830 1184 1536 1890 2245 2599 2962 3321 3676 4027 4380 4731 5083 5436 5792 6149 6503 6857 7211 7565 7921 8276 8628 8981 9336 9690
28 124 479 831 1185 1537 1891 2246 2601 2963 3322 3677 4028 4381 4732 5084 5437 5793 6150 6504 6858 7212 7566 7922 8277 8629 8982 9337 9691
28 125 480 832 1186 1538 1892 2247 2602 2964 3323 3678 4029 4382 4733 5085 5438 5794 6151 6505 6859 7213 7567 7923 8278 8630 8983 9338 9692
28 126 481 833 1187 1539 1893 2248 2604 2965 3324 3679 4030 4383 4734 5086 5439 5795 6152 6506 6860 7214 7568 7924 8279 8631 8984 9339 9693
28 127 482 834 1188 1540 1894 2249 2605 2966 3325 3680 4031 4384 4735 5087 5440 5796 6153 6507 6861 7215 7569 7925 8280 8632 8985 9340 9694
28 128 483 836 1189 1541 1895 2250 2606 2967 3326 3681 4032 4385 4736 5088 5441 5797 6154 6508 6862 7216 7570 7926 8281 8633 8986 9341 9695
28 129 484 837 1190 1542 1896 2251 2607 2968 3327 3682 4033 4386 4737 5089 5442 5798 6155 6509 6863 7217 7571 7927 8282 8634 8987 9342 9696
28 130 485 838 1191 1543 1897 2252 2608 2969 3328 3683 4034 4387 4738 5090 5443 5799 6156 6510 6864 7218 7572 7928 8283 8635 8988 9343 9697
28 131 486 839 1192 1544 1898 2253 2609 2970 3329 3684 4035 4388 4739 5091 5444 5800 6157 6511 6865 7219 7573 7929 8284 8636 8989 9344 9698
28 132 487 840 1193 1545 1899 2254 2610 2971 3330 3685 4036 4389 4740 5092 5445 5801 6158 6512 6866 7220 7574 7930 8285 8637 8990 9345 9699
28 133 488 841 1194 1546 1900 2255 2611 2972 3331 3686 4037 4390 4741 5093 5446 5802 6159 6513 6867 7221 7575 7931 8286 8638 8991 9346 9700
28 134 489 842 1195 1547 1901 2256 2612 2973 3332 3687 4038 4391 4742 5094 5447 5803 6160 6514 6868 7222 7576 7932 8287 8639 8992 9347 9701
28 135 490 843 1196 1548 1902 2257 2613 2974 3333 3688 4039 4392 4743 5095 5448 5804 6161 6515 6869 7223 7577 7933 8288 8640 8993 9348 9702
28 136 491 844 1197 1549 1903 2258 2614 2975 3334 3689 4040 4393 4744 5096 5449 5805 6162 6516 6870 7224 7578 7934 8289 8641 8994 9349 9703
28 137 492 845 1198 1550 1904 2259 2615 2976 3335 3690 4041 4394 4745 5097 5450 5806 6163 6517 6871 7225 7579 7935 8290 8642 8995 9350 9704
28 138 494 846 1199 1551 1905 2260 2616 2977 3336 3691 4042 4395 4746 5098 5451 5807 6164 6518 6872 7226 7580 7936 8291 8643 8996 9352 9705
28 139 495 847 1200 1552 1906 2261 2617 2978 3337 3692 4043 4396 4747 5099 5452 5808 6165 6519 6873 7227 7581 7937 8292 8644 8997 9353 9706
28 140 496 848 1201 1553 1907 2262 2618 2979 3338 3693 4044 4397 4748 5100 5453 5809 6166 6520 6874 7228 7582 7938 8293 8645 8998 9354 9707
28 141 497 849 1202 1554 1908 2263 2619 2980 3339 3694 4045 4398 4749 5101 5456 5810 6167 6521 6875 7229 7583 7939 8294 8646 8999 9355 9708
28 142 498 850 1203 1555 1909 2264 2620 2981 3340 3695 4046 4399 4750 5102 5457 5811 6168 6522 6876 7230 7584 7940 8295 8647 9000 9356 9709
28 143 499 851 1204 1556 1910 2265 2621 2982 3341 3696 4047 4400 4751 5103 5458 5812 6169 6523 6877 7231 7585 7941 8296 8648 9001 9357 9710
28 144 500 852 1205 1557 1911 2266 2622 2983 3342 3697 4048 4401 4752 5104 5459 5813 6170 6524 6878 7232 7586 7942 8297 8649 9002 9358 9711
28 145 501 853 1206 1558 1912 2267 2623 2984 3343 3698 4049 4402 4753 5105 5460 5814 6171 6525 6879 7233 7587 7943 8298 8650 9003 9359 9712
28 146 502 854 1207 1559 1913 2268 2624 2985 3344 3699 4050 4403 4754 5106 5461 5815 6172 6526 6880 7234 7588 7944 8299 8651 9004 9360 9713
28 147 503 855 1208 1560 1914 2269 2625 2986 3345 3700 4051 4404 4755 5107 5462 5816 6173 6527 6881 7235 7589 7945 8300 8652 9005 9361 9714
28 148 504 856 1209 1561 1915 2270 2626 2987 3346 3701 4052 4405 4756 5108 5463 5817 6174 6528 6882 7236 7591 7946 8301 8653 9006 9362 9715
28 149 505 857 1210 1562 1916 2271 2627 2988 3347 3702 4053 4406 4757 5109 5464 5818 6175 6529 6883 7237 7592 7947 8302 8654 9007 9363 9716
28 150 506 858 1211 1563 1917 2272 2628 2989 3348 3703 4054 4407 4758 5110 5465 5819 6176 6530 6884 7238 7593 7948 8303 8655 9008 9364 9717
28 151 507 859 1212 1564 1918 2273 2629 2990 3349 3704 4055 4408 4759 5111 5466 5820 6177 6531 6886 7239 7594 7949 8304 8656 9009 9365 9718
28 152 508 860 1213 1565 1919 2274 2630 2991 3350 3705 4056 4409 4760 5112 5467 5821 6178 6532 6887 7240 7595 7950 8305 8657 9010 9366 9719
28 153 509 861 1214 1566 1920 2275 2631 2992 3351 3706 4057 4410 4761 5113 5468 5822 6179 6533 6888 7241 7596 7951 8306 8658 9011 9367 9720
28 154 510 862 1215 1567 1921 2276 2632 2993 3352 3707 4058 4411 4762 5114 5469 5823 6180 6534 6889 7242 7597 7952 8307 8659 9012 9368 9721
28 155 511 863 1216 1568 1922 2277 2633 2994 3353 3708 4059 4412 4763 5115 5470 5824 6181 6535 6890 7243 7598 7953 8308 8660 9013 9369 9722
28 156 512 864 1217 1569 1923 2278 2634 2995 3354 3709 4060 4413 4764 5116 5471 5825 6182 6536 6891 7244 7599 7954 8309 8661 9014 9370 9723
28 157 513 865 1218 1570 1924 2279 2636 2996 3355 3710 4061 4414 4765 5117 5472 5826 6183 6537 6892 7246 7600 7955 8310 8662 9015 9371 9724
28 158 514 866 1219 1571 1925 2280 2637 2997 3356 3711 4062 4415 4766 5118 5473 5827 6184 6538 6893 7247 7601 7956 8311 8663 9016 9372 9725
28 159 515 867 1220 1572 1926 2281 2638 2998 3357 3712 4063 4416 4767 5119 5474 5828 6185 6539 6894 7248 7602 7957 8312 8664 9017 9373 9726
28 160 516 868 1221 1573 1927 2282 2639 2999 3358 3713 4064 4417 4768 5120 5475 5829 6186 6540 6895 7249 7603 7958 8313 8665 9018 9374 9727
28 161 517 869 1222 1574 1928 2283 2640 3000 3359 3714 4065 4418 4769 5121 5476 5830 6187 6541 6896 7250 7604 7959 8314 8666 9019 9375 9728
28 162 518 870 1223 1575 1929 2284 2641 3001 3360 3715 4066 4419 4770 5122 5477 5832 6188 6542 6897 7251 7605 7960 8315 8667 9020 9376 9729
28 163 519 871 1224 1576 1930 2285 2642 3002 3361 3716 4067 4420 4771 5123 5478 5833 6189 6543 6898 7252 7606 7961 8316 8668 9021 9377 9730
28 164 520 872 1225 1577 1931 2286 2643 3003 3362 3717 4068 4421 4772 5124 5479 5834 6190 6544 6899 7253 7607 7962 8317 8669 9022 9378 9731
28 165 521 873 1226 1578 1932 2287 2644 3004 3363 3718 4069 4422 4773 5125 5480 5835 6191 6545 6900 7254 7608 7963 8318 8670 9023 9379 9732
28 166 522 874 1227 1579 1933 2288 2645 3005 3364 3719 4070 4423 4774 5126 5481 5836 6192 6546 6901 7255 7609 7964 8319 8671 9024 9380 9733
28 167 523 875 1228 1580 1934 2289 2646 3006 3365 3720 4071 4424 4775 5127 5482 5837 6193 6547 6902 7256 7610 7965 8320 8672 9025 9381 9734
28 168 524 876 1229 1581 1935 2290 2647 3007 3366 3721 4072 4425 4776 5128 5483 5838 6194 6548 6903 7257 7611 7966 8321 8673 9026 9382 9735
28 169 525 877 1230 1582 1936 2291 2648 3008 3367 3722 4073 4426 4777 5129 5484 5839 6195 6549 6904 7258 7612 7967 8322 8674 9027 9383 9736
28 170 526 878 1231 1583 1937 2292 2649 3009 3368 3723 4074 4427 4778 5130 5485 5840 6196 6550 6905 7259 7613 7968 8323 8675 9028 9384 9737
28 171 527 879 1232 1584 1938 2293 2650 3010 3369 3724 4075 4428 4779 5131 5486 5841 6197 6551 6906 7260 7614 7969 8324 8676 9029 9385 9739
28 172 528 880 1233 1585 1939 2294 2651 3011 3370 3725 4076 4429 4780 5132 5487 5842 6199 6552 6907 7261 7615 7970 8325 8677 9030 9386 9740
28 173 529 881 1234 1586 1940 2295 2652 3012 3371 3726 4077 4430 4781 5133 5488 5843 6200 6553 6908 7262 7616 7971 8326 8678 9031 9387 9741
28 174 530 882 1235 1587 1941 2296 2653 3013 3372 3727 4078 4431 4782 5134 5489 5844 6201 6554 6909 7263 7617 7972 8327 8679 9032 9388 9742
28 175 531 883 1236 1588 1942 2297 2654 3014 3373 3728 4079 4432 4783 5135 5490 5845 6202 6555 6910 7264 7618 7973 8328 8680 9033 9389 9743
28 176 532 884 1237 1589 1943 2298 2655 3015 3374 3729 4080 4433 4784 5136 5491 5846 6203 6556 6911 7265 7619 7974 8329 8681 9034 9390 9744
28 177 533 885 1238 1590 1944 2299 2656 3016 3375 3730 4081 4434 4785 5137 5492 5847 6204 6557 6912 7266 7620 7975 8330 8682 9035 9391 9745
28 178 534 886 1239 1591 1945 2300 2657 3017 3376 3731 4082 4435 4786 5138 5493 5848 6205 6558 6913 7267 7621 7976 8331 8683 9036 9392 9746
28 179 535 887 1240 1592 1946 2301 2658 3018 3377 3732 4083 4436 4787 5139 5494 5849 6206 6559 6914 7268 7622 7977 8332 8684 9037 9393 9747
28 180 536 888 1241 1593 1947 2302 2659 3019 3378 3733 4084 4437 4788 5140 5495 5850 6207 6560 6915 7269 7623 7978 8333 8685 9038 9394 9748
28 181 537 889 1242 1594 1948 2303 2660 3020 3379 3734 4085 4438 4789 5141 5496 5851 6208 6561 6916 7270 7624 7979 8334 8686 9039 9395 9749
28 182 538 890 1243 1595 1949 2304 2661 3021 3380 3735 4086 4439 4790 5142 5497 5852 6209 6562 6917 7271 7625 7980 8335 8687 9040 9396 9750
28 183 539 891 1244 1596 1950 2305 2662 3022 3381 3736 4087 4440 4791 5143 5498 5853 6210 6563 6918 7272 7626 7981 8336 8688 9041 9397 9751
28 184 540 892 1245 1597 1951 2306 2663 3023 3382 3737 4088 4441 4792 5144 5499 5854 6211 6564 6919 7273 7627 7982 8337 8689 9042 9398 9752
28 185 541 893 1246 1598 1952 2307 2664 3024 3383 3738 4089 4442 4793 5145 5500 5855 6212 6565 6920 7274 7628 7983 8338 8690 9043 9399 9753
28 186 542 894 1247 1599 1953 2308 2665 3025 3384 3739 4090 4443 4794 5146 5501 5856 6213 6566 6921 7275 7629 7984 8339 8691 9044 9400 9754
28 188 543 895 1248 1600 1954 2309 2666 3026 3385 3740 4091 4444 4795 5147 5502 5857 6214 6567 6922 7276 7630 7985 8340 8692 9045 9401 9755
28 189 544 896 1249 1601 1955 2310 2667 3027 3386 3741 4092 4445 4796 5148 5503 5858 6215 6568 6923 7277 7631 7986 8341 8693 9046 9402 9756
28 190 545 897 1250 1602 1956 2311 2668 3028 3387 3742 4093 4446 4797 5149 5504 5859 6216 6569 6924 7278 7632 7987 8342 8694 9047 9403 9757
28 191 546 898 1251 1603 1957 2312 2669 3029 3388 3743 4094 4447 4798 5150 5505 5860 6217 6570 6925 7279 7633 7988 8343 8695 9048 9404 9758
28 192 547 899 1252 1604 1958 2313 2670 3030 3389 3744 4095 4448 4799 5151 5506 5861 6218 6571 6926 7280 7634 7989 8344 8696 9049 9405 9759
28 193 548 900 1253 1605 1960 2314 2671 3031 3390 3745 4096 4449 4800 5152 5507 5862 6219 6572 6927 7281 7635 7990 8345 8697 9050 9406 9760
28 194 549 901 1254 1606 1961 2315 2672 3032 3391 3746 4097 4450 4801 5153 5508 5863 6220 6573 6928 7282 7636 7991 8346 8698 9051 9407 9761
28 195 550 902 1255 1607 1962 2316 2673 3033 3392 3747 4098 4451 4802 5154 5509 5864 6221 6574 6929 7283 7637 7992 8347 8699 9052 9408 9762
28 196 551 903 1256 1608 1963 2317 2674 3034 3393 3748 4099 4452 4803 5155 5510 5865 6222 6575 6930 7284 7638 7993 8348 8700 9054 9409 9763
28 197 552 904 1257 1609 1964 2318 2675 3035 3394 3749 4100 4453 4804 5156 5511 5866 6223 6576 6931 7285 7639 7994 8349 8701 9055 9410 9764
28 198 553 905 1258 1610 1965 2319 2676 3036 3395 3750 4101 4454 4805 5157 5512 5867 6224 6577 6932 7286 7640 7995 8350 8702 9056 9411 9765
28 199 554 906 1259 1611 1966 2320 2677 3037 3396 3751 4102 4455 4806 5158 5513 5868 6225 6578 6934 7287 7641 7996 8351 8703 9057 9412 9766
28 200 555 907 1260 1612 1967 2321 2678 3038 3397 3752 4103 4456 4807 5159 5514 5869 6226 6579 6935 7288 7642 7997 8352 8704 9059 9413 9767
28 201 556 908 1261 1613 1968 2322 2679 3040 3398 3753 4104 4457 4808 5160 5515 5870 6227 6580 6936 7289 7644 7998 8353 8705 9060 9414 9768
28 202 557 909 1262 1614 1969 2323 2680 3041 3399 3754 4105 4458 4809 5161 5516 5871 6228 6581 6937 7290 7645 7999 8354 8706 9061 9415 9769
28 203 558 910 1263 1615 1970 2324 2681 3043 3400 3755 4106 4459 4810 5162 5517 5872 6229 6582 6938 7291 7646 8000 8355 8707 9062 9416 9770
28 204 559 911 1264 1616 1971 2325 2682 3044 3401 3756 4107 4460 4811 5163 5518 5873 6230 6583 6939 7292 7647 8001 8356 8708 9063 9417 9771
28 205 560 912 1265 1617 1972 2326 2683 3045 3402 3757 4108 4461 4812 5164 5519 5874 6231 6584 6940 7293 7648 8002 8357 8709 9064 9418 9772
28 206 561 913 1266 1618 1973 2327 2684 3046 3403 3758 4109 4462 4813 5165 5520 5875 6232 6585 6941 7294 7649 8003 8358 8710 9065 9419 9773
28 207 562 914 1267 1619 1974 2328 2685 3047 3404 3759 4110 4463 4814 5166 5521 5877 6233 6586 6942 7295 7650 8004 8359 8711 9066 9420 9774
28 208 563 915 1268 1620 1975 2329 2686 3048 3405 3760 4111 4464 4815 5167 5522 5878 6234 6587 6943 7296 7651 8005 8360 8712 9067 9421 9775
28 209 564 916 1269 1621 1976 2330 2687 3049 3406 3761 4112 4465 4816 5168 5523 5879 6235 6588 6944 7297 7652 8006 8361 8713 9068 9422 9776
28 210 565 917 1270 1622 1977 2331 2688 3050 3407 3762 4113 4466 4817 5169 5524 5880 6236 6589 6945 7298 7653 8007 8362 8714 9069 9423 9777
28 211 566 918 1271 1623 1978 2332 2689 3051 3408 3763 4116 4467 4818 5170 5525 5881 6237 6590 6946 7299 7654 8008 8363 8715 9070 9424 9778
28 212 567 919 1272 1624 1979 2333 2690 3052 3409 3764 4117 4468 4819 5171 5526 5882 6238 6591 6947 7300 7655 8009 8364 8716 9071 9425 9779
28 213 568 920 1273 1625 1980 2334 2691 3053 3410 3765 4118 4469 4820 5172 5527 5883 6239 6592 6948 7301 7656 8010 8365 8717 9072 9426 9780
28 214 569 921 1274 1626 1981 2335 2692 3054 3411 3766 4119 4470 4821 5173 5528 5884 6240 6593 6949 7302 7657 8011 8366 8718 9073 9427 9781
28 215 570 922 1275 1627 1982 2336 2693 3055 3412 3767 4120 4471 4822 5174 5529 5885 6241 6594 6950 7303 7658 8012 8367 8719 9074 9428 9782
28 216 571 923 1276 1628 1983 2337 2694 3056 3413 3768 4121 4472 4823 5175 5530 5886 6242 6595 6951 7304 7659 8013 8368 8720 9075 9429 9783
28 217 572 924 1277 1629 1984 2338 2695 3057 3414 3769 4122 4473 4824 5176 5531 5887 6243 6596 6952 7305 7660 8014 8369 8721 9076 9430 9784
28 218 573 925 1278 1630 1985 2339 2696 3058 3415 3770 4123 4474 4825 5177 5532 5888 6244 6597 6953 7306 7661 8015 8370 8722 9077 9431 9785
28 219 574 926 1279 1631 1986 2340 2697 3059 3416 3771 4124 4475 4826 5178 5533 5889 6245 6598 6954 7307 7662 8016 8371 8723 9078 9432 9786
28 220 575 927 1280 1632 1987 2341 2698 3061 3417 3772 4125 4476 4827 5179 5534 5890 6246 6600 6955 7308 7663 8017 8372 8724 9079 9433 9787
28 221 576 928 1281 1633 1988 2342 2699 3062 3418 3773 4126 4477 4828 5180 5535 5891 6247 6601 6956 7309 7664 8018 8373 8726 9080 9434 9788
28 222 577 929 1282 1634 1989 2343 2700 3063 3419 3774 4127 4478 4829 5181 5536 5892 6248 6602 6957 7310 7665 8020 8374 8727 9081 9435 9789
28 223 578 930 1283 1635 1990 2344 2701 3064 3420 3775 4128 4479 4830 5182 5537 5893 6249 6603 6958 7311 7666 8021 8375 8728 9082 9436 9790
28 224 579 931 1284 1636 1991 2345 2702 3065 3421 3776 4129 4480 4831 5183 5538 5894 6250 6604 6959 7312 7667 8022 8376 8729 9083 9437 9791
28 225 580 932 1285 1637 1992 2346 2703 3066 3422 3777 4130 4481 4832 5184 5539 5895 6251 6605 6960 7313 7668 8023 8377 8730 9084 9438 9792
28 226 581 933 1286 1638 1993 2347 2704 3067 3423 3778 4131 4482 4833 5185 5540 5896 6252 6606 6961 7314 7669 8024 8378 8731 9085 9439 9793
28 227 582 934 1287 1639 1994 2348 2705 3068 3424 3779 4132 4483 4834 5186 5541 5897 6253 6607 6962 7315 7670 8025 8379 8732 9086 9440 9794
28 228 583 935 1288 1640 1995 2349 2706 3069 3426 3780 4133 4484 4835 5187 5542 5898 6254 6608 6963 7316 7671 8026 8380 8733 9087 9441 9795
